307.112
300.576
304.318
305.087
306.948
320.829
285.631
281.923
280.998
281.717
283.376
298.392
294.846
281.87
281.643
279.501
285.458
282.335
282.31
282.28
281.565
282.41
280.293
270.804
268.743
270.053
270.163
268.742
267.597
266.961
266.006
275.283
269.781
268.25
268.438
267.849
268.055
266.778
267.084
270.792
278.594
270.197
270.546
268.688
267.724
467.013
342.344
269.079
278.682
270.018
269.749
266.104
270.387
270.322
270.602
270.124
270.348
278.041
268.411
268.884
269.837
270.676
269.058
269.868
272.92
270.828
270.19
268.364
269.487
270.594
271.685
268.315
268.566
325.447
275.48
1465.469
250.693
1851.263
250.954
239.99
273.405
365.731
250.468
238.095
237.721
240.413
247.476
272.965
1617.758
252.071
252.409
255.122
239.76
237.26
245.742
232.122
235.185
240.025
233.347
238.665
238.413
241.016
227.196
205.731
205.429
200.119
205.315
204.551
207.447
203.638
206.709
205.681
207.118
207.186
205.767
203.778
208.273
209.787
204.701
203.786
206.584
203.942
4014.166
207.472
206.155
208.09
207.773
209.365
202.288
202.86
204.949
203.943
256.402
205.517
202.594
201.634
203.022
201.114
202.67
204.13
201.932
204.015
205.07
206.918
204.692
211.01
183.043
182.291
180.668
182.926
179.956
180.848
188.453
179.059
180.093
183.444
179.36
183.33
196.656
181.507
181.625
178.366
178.803
181.294
181.759
183.806
181.607
182.511
180.146
181.811
184.127
180.775
182.5
179.883
182.455
185.392
203.188
213.563
192.017
182.399
202.747
6479.568
213.548
262.513
12231.911
190.78
182.11
180.749
199.15
180.808
181.401
182.645
206.647
185.111
183.615
188.113
180.015
178.893
180.198
179.154
180.706
178.133
180.891
179.698
180.565
181.068
195.257
189.012
181.52
179.373
182.351
179.189
183.733
182.885
180.937
179.123
180.564
178.629
182.622
195.175
187.06
179.276
187.491
185.676
186.058
183.064
195.037
183.03
181.205
185.529
181.67
183.153
181.469
179.969
179.17
179.908
180.146
179.865
217.801
211.684
192.781
202.391
180.289
181.554
180.854
182.01
182.506
182.028
183.645
181.648
180.636
183.21
179.901
182.053
179.422
181.76
178.762
180.461
181.696
182.976
181.491
178.806
190.119
179.718
182.015
179.487
182.961
179.496
180.664
180.952
180.006
181.811
180.172
181.437
6769.821
190.583
185.8
189.382
194.407
184.949
183.797
212.204
216.937
213.663
191.845
16001.57
187.947
181.559
180.027
190.662
181.829
178.518
180.157
180.856
179.786
180.8
178.549
181.015
179.833
179.518
183.398
187.966
180.207
184.747
180.787
189.644
185.887
183.501
183.654
203.668
219.808
210.365
232.613
187.285
182.867
180.079
181.882
179.743
183.716
183.831
192.876
180.382
181.975
178.797
180.511
179.091
181.217
180.58
182.732
200.798
197.504
188.779
183.914
180.828
181.421
182.73
183.204
181.635
179.955
183.441
180.443
179.921
181.196
179.787
181.538
179.581
180.261
183.961
180.781
181.403
204.931
183.402
181.939
181.131
179.808
179.295
183.162
178.582
188.044
181.314
179.414
177.213
179.815
181.079
181.109
180.77
180.143
180.6
183.326
192.027
179.552
180.28
180.814
184.308
181.045
180.897
182.751
180.734
178.96
182.002
182.672
197.291
182.969
181.666
181.357
200.448
205.402
209.551
204.246
199.083
180.646
179.817
192.852
180.056
181.764
183.083
182.222
293.586
177.376
178.575
177.21
177.571
178.222
177.995
181.624
212.088
191.961
191.218
179.691
182.329
179.716
305.006
179.428
178.261
180.116
180.488
178.669
180.401
180.018
178.088
177.634
179.304
182.175
178.642
309.078
181.59
181.623
178.992
179.688
181.216
178.556
292.116
179.076
180.414
179.434
177.631
180.559
187.872
310.674
179.783
178.992
179.063
177.163
179.244
192.057
180.739
180.945
178.536
195.196
180.761
179.13
292.671
188.399
182.67
213.215
188.995
181.42
182.426
347.009
183.379
180.581
180.302
178.264
180.618
181.594
283.101
178.722
182.143
180.129
177.198
178.97
179.04
178.154
179.863
179.439
179.24
178.007
180.007
317.038
177.747
180.209
182.393
180.046
181.099
179.802
1412.941
186.308
181.604
181.627
204.792
193.376
188.7
185.918
2920.85
181.922
181.86
180.404
182.858
180.684
178.711
194.111
183.098
194.219
194.27
189.606
195.754
180.927
181.611
179.076
180.449
183.141
190.345
181.279
179.168
179.82
179.566
181.431
180.615
181.227
179.509
179.211
177.907
181.262
187.212
180.682
186.63
185.513
179.167
179.046
182.385
178.692
180.026
178.464
182.557
184.59
181.451
185.47
184.676
181.607
178.939
182.955
181.794
188.32
188.109
184.208
186.981
246.676
204.158
191.658
193.417
184.682
183.582
181.923
181.608
180.402
182.491
180.331
196.529
178.525
180.062
179.589
180.94
179.683
180.992
184.053
201.788
193.391
191.196
182.252
181.934
201.181
180.351
182.436
181.825
177.784
179.679
180.037
178.18
179.145
180.578
189.005
178.842
177.563
180.65
211.849
180.759
182.126
184.174
179.89
179.595
180.02
182.505
180.664
180.889
179.98
180.593
182.073
186.349
213.786
181.745
180.363
181.114
180.433
204.811
184.791
186.168
185.648
185.785
177.291
178.499
178.925
180.327
181.428
180.416
180.872
180.957
181.481
178.443
196.679
180.65
178.119
186.724
179.362
181.235
183.259
182.79
179.764
178.95
180.404
179.096
180.116
181.454
178.203
180.497
179.926
179.858
184.8
180.494
178.863
181.35
180.51
180.692
180.638
182.436
178.692
180.832
181.076
179.211
180.668
179.261
177.914
181.352
179.67
178.138
179.498
180.026
181.762
179.64
180.439
180.483
190.234
182.403
181.408
180.803
181.273
178.164
178.895
180.347
179.686
180.683
180.792
193.889
183.173
179.752
180.51
181.214
182.753
179.039
182.843
182.112
179.087
179.237
180.01
179.563
178.777
179.913
180.294
180.455
180.273
180.008
188.738
178.739
179.278
180.596
180.243
181.147
179.261
188.341
181.717
180.317
181.3
190.186
182.492
182.774
180.708
179.279
180.475
180.318
178.768
187.603
177.43
178.601
180.646
181.769
180.111
181.816
178.855
180.408
179.217
180.888
190.022
179.224
180.727
180.75
179.51
180.118
179.631
181.596
179.655
179.66
179.331
177.55
180.456
180.614
181.095
178.997
181.146
180.336
178.69
182.904
181.924
181.066
181.313
182.933
195.513
192.546
189.934
180.472
180.672
179.783
181.526
181.168
183.038
179.719
181.872
183.294
177.767
191.652
178.55
182.883
197.538
200.082
195.906
189.195
181.533
181.883
182.16
181.988
180.73
183.502
178.531
182.161
180.704
179.005
183.136
180.785
179.661
180.239
181.053
180.543
181.202
179.423
179.167
181.917
182.381
179.844
180.149
180.652
179.245
179.874
180.416
180.066
183.256
180.873
179.4
180.639
179.52
182.021
183.782
181.499
180.385
181.714
178.484
179.466
179.857
177.533
191.003
179.65
180.215
186.601
180.837
180.529
182.108
179.824
180.787
179.656
179.498
182.646
180.561
179.498
179.707
184.138
180.823
180.53
180.183
180.043
180.471
180.01
179.756
180.818
183.819
180.733
181.212
190.314
183.56
181.054
180.932
185.046
246.037
215.042
189.265
186.346
182.979
181.549
181.769
179.128
180.423
194.118
181.494
179.934
179.12
179.279
181.216
180.141
180.0
182.856
179.524
186.618
195.414
203.9
190.36
182.211
183.024
184.122
179.962
179.963
179.679
184.007
181.064
181.343
180.395
180.976
183.163
181.296
179.849
198.012
181.348
178.051
179.697
180.385
180.89
180.112
179.146
197.309
184.447
181.299
181.504
181.436
181.5
181.175
181.381
186.826
217.273
179.667
188.402
183.508
181.758
180.164
182.793
178.498
174.688
182.164
178.16
173.912
177.628
188.886
178.749
179.566
180.536
180.562
182.007
180.774
178.703
181.146
306.928
178.384
190.885
179.862
178.085
179.616
180.567
179.246
178.453
180.796
177.379
181.743
181.567
182.636
181.892
183.421
180.061
180.659
179.44
182.238
312.906
180.007
179.062
177.901
184.541
178.856
178.603
305.376
178.204
177.228
178.352
177.053
180.119
179.596
180.409
194.847
177.347
182.107
179.993
179.876
307.972
179.995
177.828
179.103
179.609
181.052
178.321
319.572
179.994
178.208
178.753
179.285
178.072
180.844
304.275
178.904
179.944
180.352
178.585
180.718
177.988
179.689
181.869
178.193
179.506
178.114
207.911
316.725
177.889
180.552
191.498
179.43
179.684
178.412
303.989
179.433
177.56
180.09
182.68
180.852
180.137
312.186
178.626
180.076
178.992
178.956
195.688
202.604
197.654
183.793
181.406
180.687
178.943
180.555
285.749
182.719
179.487
176.828
179.284
181.692
178.763
282.874
181.5
199.469
199.979
192.547
181.458
180.316
312.643
179.255
179.616
179.267
185.031
178.088
178.124
180.229
178.869
177.94
176.85
178.732
184.072
280.428
178.765
178.152
177.486
179.414
179.44
179.264
301.037
177.449
178.263
177.622
178.296
178.822
177.871
303.582
178.536
182.501
179.416
179.555
178.308
191.667
180.59
180.206
178.967
181.245
179.503
177.208
286.511
179.158
177.103
177.899
187.899
177.232
176.984
288.995
179.086
176.965
175.789
178.215
179.914
179.468
296.737
179.918
178.836
177.512
178.252
180.599
179.423
179.604
183.911
178.865
179.776
180.03
179.902
329.271
326.815
214.537
207.64
197.86
189.704
180.986
285.973
177.84
180.892
182.229
178.395
180.509
180.048
286.255
177.813
179.199
179.053
178.747
179.042
203.551
181.114
198.458
200.616
214.918
180.966
191.943
2505.761
184.692
181.01
181.613
179.469
199.853
181.911
180.838
181.95
181.562
185.917
179.883
180.981
183.454
184.054
195.685
183.377
178.456
194.386
181.136
179.125
178.726
181.456
179.979
184.114
182.213
194.86
182.291
181.815
179.278
182.141
183.493
180.882
184.487
185.39
181.717
183.083
196.696
181.103
180.154
180.129
181.716
184.596
180.292
181.591
181.489
179.675
181.437
202.841
193.318
176.964
174.643
176.814
174.55
173.747
173.811
175.593
176.096
174.086
176.428
180.041
179.752
178.517
179.669
179.523
195.545
180.366
180.787
177.791
178.792
180.872
188.769
180.474
182.389
182.018
181.371
188.951
181.907
181.978
182.157
182.824
181.392
208.978
205.919
202.604
191.041
180.454
180.798
180.972
181.373
181.047
179.288
180.048
182.338
180.342
181.648
182.403
181.317
179.33
184.465
180.733
193.631
198.941
192.953
189.816
190.117
180.367
181.743
180.772
178.62
180.246
179.172
184.45
178.646
180.241
180.315
180.381
181.548
181.937
179.582
180.456
180.767
182.273
178.42
179.53
181.408
179.209
180.532
190.388
179.876
179.225
180.586
193.913
178.064
180.135
180.622
180.405
181.152
179.701
181.165
189.063
1416.529
226.34
200.729
197.851
185.277
183.296
203.139
179.413
181.377
189.201
181.06
179.934
180.2
178.937
181.758
178.167
182.482
180.544
179.964
185.02
199.316
195.143
193.394
182.227
180.363
181.303
184.579
179.276
180.067
192.111
181.001
181.984
179.683
179.567
182.356
179.444
178.807
180.052
179.999
181.103
181.3
196.373
180.566
182.091
182.254
179.876
180.492
183.059
179.195
179.107
182.556
183.633
180.505
180.556
177.396
182.996
174.485
174.913
179.187
182.385
181.453
182.29
174.053
184.224
201.452
180.295
181.459
180.948
179.979
181.754
179.575
180.123
179.08
180.12
180.127
178.807
181.246
181.225
181.174
179.389
180.289
178.886
179.044
180.858
181.919
180.331
179.836
184.691
180.768
180.349
181.751
180.347
202.555
178.838
181.323
179.819
178.284
180.453
180.282
178.653
178.577
183.078
181.705
181.044
182.045
178.434
179.341
179.558
197.856
198.991
215.246
180.274
179.72
180.927
180.522
182.141
180.676
181.528
179.923
180.986
180.61
179.28
179.024
178.464
181.687
178.844
180.614
253.3
206.331
188.257
182.922
199.967
181.934
189.678
184.453
179.407
181.496
178.488
179.575
182.199
182.896
181.048
179.469
180.764
181.763
178.729
179.881
180.055
179.782
180.131
178.292
180.842
179.586
177.253
180.41
182.098
184.469
180.842
180.134
182.072
196.018
178.295
184.471
179.719
180.802
179.539
178.475
184.996
188.874
184.023
180.34
185.277
177.746
180.192
180.382
179.062
180.716
181.806
180.984
182.926
180.802
180.389
183.28
181.212
181.051
180.15
180.487
179.812
180.822
182.594
187.142
188.686
177.45
184.723
183.802
179.937
181.912
178.86
179.307
179.831
180.677
181.341
180.693
188.815
183.615
180.051
181.415
180.329
178.356
179.232
179.048
179.359
179.833
181.083
177.478
180.867
179.646
181.757
179.415
180.849
177.058
180.65
181.589
180.566
180.465
179.606
189.619
178.957
179.445
181.58
181.229
180.148
179.673
180.76
179.822
178.843
180.21
178.525
188.499
179.739
180.105
179.642
184.259
182.887
181.967
180.823
179.65
179.179
179.182
179.426
180.518
182.573
178.269
180.141
177.63
180.287
179.706
191.52
178.369
179.894
180.228
178.72
179.948
180.266
182.325
183.555
179.485
179.946
182.661
180.432
182.415
179.804
180.068
188.043
180.044
183.049
182.715
180.431
179.681
178.359
180.263
180.581
178.451
199.572
181.762
178.646
179.642
178.883
179.925
178.703
179.952
184.14
179.181
182.112
180.222
181.212
178.653
180.577
178.594
180.072
180.135
181.511
177.697
180.651
194.959
178.534
184.876
179.128
183.278
180.78
179.357
180.855
180.084
180.87
181.625
179.637
180.495
180.638
191.493
178.286
180.789
181.345
181.75
181.305
182.454
181.401
181.916
180.765
179.962
178.812
178.852
178.831
179.414
181.356
180.152
180.971
179.281
180.976
178.912
181.439
182.349
182.409
180.997
179.166
192.496
190.89
180.971
188.224
179.454
183.79
179.549
182.373
180.659
195.891
180.622
180.146
179.126
178.448
181.999
181.329
179.904
179.8
182.222
179.243
178.442
179.897
179.525
182.023
180.84
181.015
183.741
181.371
179.468
179.618
179.307
180.027
188.014
179.032
180.821
180.352
179.776
179.969
181.948
182.501
180.523
179.473
180.531
178.353
195.502
181.501
179.974
183.675
179.21
179.931
180.137
179.037
180.307
181.145
196.267
196.217
190.382
195.681
182.852
182.132
180.019
180.51
179.999
178.149
182.843
181.146
180.013
181.555
179.985
180.088
178.579
188.67
199.752
189.039
195.634
181.196
181.669
198.773
191.124
184.448
178.806
180.986
182.419
183.004
179.994
181.499
180.914
180.304
183.078
179.719
179.774
178.691
179.693
178.321
183.473
178.634
180.375
182.949
179.934
181.503
178.638
179.63
182.098
194.981
179.85
180.38
181.483
180.518
176.705
180.528
179.76
192.933
181.27
181.335
184.874
184.11
181.835
178.96
178.89
180.164
180.45
181.226
179.704
182.187
182.879
180.411
186.033
180.328
181.897
179.171
178.934
179.229
180.211
179.689
180.004
191.515
183.062
178.952
179.728
180.05
1285.27
243.496
196.688
197.423
184.267
182.674
200.978
186.156
180.489
180.131
181.564
181.839
190.073
179.923
181.05
180.661
179.668
184.017
179.96
179.864
180.187
180.212
179.66
179.221
185.019
180.237
180.395
179.342
179.261
178.978
181.259
179.809
181.995
182.319
179.244
190.332
181.433
178.748
180.389
180.142
183.105
205.209
197.039
190.221
184.562
181.674
190.094
179.944
180.47
181.543
179.155
179.791
179.303
202.58
179.785
178.063
180.037
188.535
180.209
179.031
184.595
181.166
180.554
182.569
182.872
182.429
180.056
180.745
181.213
179.963
180.639
181.627
178.44
182.532
182.949
182.358
182.096
180.84
180.561
180.237
187.278
181.009
181.472
181.146
180.748
179.918
180.658
181.943
180.737
180.429
179.276
190.864
179.595
180.957
179.83
181.844
181.837
179.044
180.566
179.025
180.964
179.972
179.069
187.802
182.478
180.718
178.814
181.01
180.756
180.1
181.582
183.197
181.274
182.866
188.854
185.807
182.957
183.975
180.027
178.919
181.128
179.309
181.793
184.493
185.426
188.523
180.206
182.376
180.764
179.25
179.056
181.024
181.367
179.383
182.097
181.548
180.657
180.969
177.876
181.178
180.788
181.604
177.889
179.286
180.437
180.439
183.305
179.296
180.242
179.848
181.258
179.969
179.734
1263.464
181.693
182.909
187.295
181.906
178.836
181.736
181.05
180.175
186.466
187.234
206.98
203.049
206.079
228.119
199.778
184.236
184.175
183.795
183.386
182.185
184.337
180.204
181.149
180.913
189.289
178.645
179.039
179.36
179.406
182.866
178.817
178.78
180.263
180.844
180.747
183.627
179.778
210.014
179.714
179.59
183.59
180.687
179.808
180.32
178.952
179.827
181.174
191.122
200.152
194.048
190.185
180.673
209.704
181.324
180.878
182.113
191.058
179.227
179.672
304.115
180.128
179.321
180.461
179.711
180.496
178.672
281.61
179.209
188.035
181.322
188.152
178.925
180.772
179.21
178.985
179.462
179.3
180.239
180.319
305.134
179.742
179.22
178.288
180.195
179.588
180.136
281.661
185.745
179.75
182.103
200.233
180.368
181.806
303.249
178.716
179.239
179.358
180.166
177.325
177.804
179.857
178.067
178.167
183.227
178.723
179.098
288.129
178.599
178.791
178.874
178.222
179.53
180.204
301.28
178.924
181.008
179.628
179.151
181.055
180.91
182.048
178.179
177.741
180.561
179.511
178.738
177.326
178.768
179.569
179.109
182.929
180.143
185.148
300.017
178.346
177.89
177.531
181.243
179.156
178.0
291.115
178.865
179.747
180.562
178.53
178.459
177.844
180.072
179.357
178.6
178.841
180.839
179.042
179.146
180.293
179.553
178.016
179.247
179.668
177.175
299.274
179.309
178.777
179.064
177.34
178.349
179.164
297.081
179.26
177.5
181.789
178.298
177.26
179.851
179.84
193.616
179.709
178.541
179.418
180.078
179.826
178.819
176.902
180.99
179.162
178.994
184.998
330.368
178.676
179.359
180.43
179.038
179.002
180.159
305.371
178.11
175.7
186.681
179.202
179.503
178.463
179.781
179.284
177.553
178.695
177.713
179.367
304.202
178.489
179.854
177.899
179.452
179.968
178.27
306.409
178.938
179.814
179.864
178.847
179.463
181.693
308.578
179.783
178.525
177.438
178.889
180.055
180.257
185.397
189.307
179.406
193.446
199.124
196.98
326.433
180.18
180.647
182.489
178.258
178.179
180.193
284.896
177.617
180.669
178.45
178.243
177.642
179.941
343.857
203.781
205.318
184.221
185.084
180.346
179.988
180.671
179.485
179.307
179.641
179.786
177.844
288.74
177.091
180.392
179.945
178.602
177.46
180.608
286.98
176.242
182.889
178.903
192.782
178.132
178.626
285.917
179.97
178.119
178.499
180.055
177.568
178.642
178.553
178.755
178.99
178.562
177.943
181.238
299.288
178.83
180.729
180.198
180.68
179.488
178.306
306.067
178.282
179.072
178.11
178.221
177.424
178.028
312.311
179.256
177.83
181.898
191.253
178.654
179.814
179.592
179.986
180.647
180.628
179.081
179.743
315.172
179.864
180.232
179.394
179.409
185.446
202.456
289.555
330.149
207.961
200.791
183.769
181.151
182.295
336.724
178.872
180.536
180.437
178.753
179.253
180.849
178.753
183.204
179.513
179.814
178.472
179.711
293.809
190.863
176.49
177.557
182.878
178.921
179.378
288.145
178.466
179.068
178.893
179.688
200.574
196.018
192.097
188.23
180.307
179.564
183.489
180.609
180.521
180.285
194.056
179.213
179.89
181.094
177.98
280.408
179.801
178.107
178.318
179.695
181.664
182.945
293.235
178.485
177.869
178.89
178.014
179.126
179.472
177.93
178.832
178.683
185.855
182.082
178.553
181.518
180.361
191.885
177.879
178.442
182.99
178.348
294.396
180.487
180.463
179.848
178.279
177.241
180.1
284.134
182.733
179.246
178.349
177.344
177.487
179.951
178.886
178.95
179.966
179.582
179.815
179.533
180.701
178.482
178.662
179.449
177.198
180.191
181.005
289.679
179.833
179.806
179.158
178.891
178.176
179.876
299.456
181.282
179.168
177.821
178.83
179.39
179.08
182.568
180.214
182.646
188.205
177.72
201.481
446.097
190.682
182.267
181.493
179.614
180.1
180.562
301.649
181.301
178.088
177.572
183.113
191.611
179.192
281.875
179.254
178.003
178.893
192.69
181.568
177.728
179.829
182.317
179.266
982.471
190.899
202.505
199.704
193.631
181.472
182.678
182.246
181.177
182.329
182.844
179.954
181.683
177.573
179.618
179.142
179.883
184.276
181.458
181.66
180.838
183.414
185.732
179.509
179.609
194.843
181.624
182.606
182.336
183.655
182.134
183.902
179.098
180.022
182.289
173.964
195.395
184.178
179.743
193.04
201.414
175.148
191.915
190.744
176.443
180.368
180.451
195.641
178.533
180.23
184.219
180.509
180.653
179.217
182.152
179.376
180.422
179.757
179.938
202.621
173.348
186.527
180.066
180.86
175.065
173.438
178.973
181.273
180.422
180.491
180.347
179.139
180.473
180.144
181.68
179.278
180.487
178.354
181.411
181.102
180.341
179.626
181.53
180.583
179.122
178.582
181.125
179.701
178.076
181.499
180.24
180.988
178.711
179.102
197.164
180.165
179.705
179.616
181.066
181.772
183.061
179.016
181.396
180.07
179.572
179.908
181.373
194.002
180.175
179.653
180.3
179.324
180.887
182.115
180.761
182.057
180.12
192.134
181.071
180.128
181.124
181.48
180.639
182.802
180.98
180.684
184.544
181.515
205.051
202.106
198.611
189.137
186.085
180.251
180.704
179.86
180.044
182.013
181.143
191.039
181.585
180.35
179.52
181.558
188.381
179.785
180.113
195.158
196.713
189.792
190.75
180.838
179.912
181.87
180.834
178.203
180.306
179.629
180.443
179.4
181.061
181.09
185.423
178.064
178.536
180.244
180.337
183.014
181.702
179.91
181.949
178.745
180.365
184.218
180.421
178.728
178.314
180.871
176.86
179.411
182.912
177.82
182.892
181.576
181.419
179.945
181.573
178.077
178.203
180.888
181.107
179.59
179.684
181.945
181.032
179.681
192.864
180.321
186.251
181.78
185.223
181.645
180.599
179.049
179.719
178.974
180.417
180.561
183.877
182.96
179.468
181.664
179.203
181.655
181.513
179.717
179.724
185.543
291.412
191.265
191.312
182.89
181.108
180.694
181.776
183.206
180.41
179.809
181.636
180.235
187.344
180.322
181.992
179.436
177.922
180.099
180.563
180.131
181.329
179.657
179.542
179.228
181.05
177.448
180.078
202.158
180.166
182.193
180.95
187.294
182.651
179.481
179.881
184.524
192.79
198.383
197.432
187.585
181.418
179.813
196.864
204.47
180.602
180.142
181.765
182.288
190.344
183.078
180.504
181.577
182.742
182.226
180.314
182.012
179.981
179.959
179.341
181.835
179.768
180.589
181.234
180.515
180.73
189.024
184.339
181.058
180.168
180.396
180.894
182.354
180.621
180.484
199.6
180.386
199.186
182.693
181.875
180.712
183.199
182.775
181.015
182.915
178.066
180.344
185.14
184.272
183.219
179.775
184.707
180.741
178.607
184.843
181.326
180.969
180.827
179.525
180.724
190.523
182.924
179.026
176.005
173.881
174.161
175.114
178.158
173.502
175.029
179.482
180.276
179.538
179.135
179.349
179.381
180.01
180.905
179.736
181.572
188.407
176.22
174.773
211.155
178.865
177.504
179.46
183.942
182.599
181.208
194.318
181.616
202.723
201.922
219.205
199.175
183.872
182.313
181.586
184.815
179.773
179.34
179.507
178.985
180.965
179.031
179.343
181.467
181.115
180.391
182.74
183.683
192.948
196.104
191.76
179.6
180.458
181.509
180.734
182.58
180.46
179.647
181.025
179.839
180.927
179.553
178.568
181.02
187.404
183.725
180.455
180.168
180.218
182.213
183.376
179.667
180.486
182.155
180.06
178.012
180.406
182.853
179.221
179.226
181.853
173.942
199.845
181.599
179.766
181.168
180.457
194.079
181.285
182.456
182.22
180.13
180.723
182.544
182.426
180.645
185.615
179.021
184.607
179.251
181.485
178.972
181.144
181.534
179.145
178.711
180.934
179.108
179.694
178.666
181.752
180.486
180.006
206.622
179.282
177.619
179.072
180.444
180.885
180.732
179.549
185.061
181.53
180.086
181.532
179.817
181.78
184.362
179.522
181.607
178.861
180.694
179.129
180.726
183.556
180.732
180.779
181.435
179.773
178.368
181.155
180.397
179.842
177.778
193.098
178.666
184.553
183.182
180.371
183.419
180.081
180.751
179.815
180.708
182.364
185.6
178.886
178.693
178.926
180.034
179.175
180.349
180.699
182.61
181.679
179.795
179.105
177.475
180.096
180.083
181.653
179.773
181.009
179.942
180.516
180.278
179.696
180.574
193.936
180.41
180.628
179.912
196.353
200.949
191.547
179.892
181.015
179.769
181.362
192.018
181.242
181.46
180.354
179.97
181.415
178.737
182.145
177.779
180.274
187.193
199.777
195.12
188.457
180.978
179.174
180.569
180.401
181.457
179.474
180.392
179.851
179.936
180.031
186.52
179.463
181.523
180.136
180.989
180.301
179.363
183.538
180.742
181.808
183.799
181.054
180.655
178.291
180.859
180.176
194.372
182.242
179.495
179.77
180.389
178.167
180.792
180.404
178.597
179.755
180.024
180.611
180.291
179.264
183.308
180.79
180.081
196.029
181.533
180.321
179.37
178.561
179.311
180.313
180.673
181.107
193.409
180.576
187.566
181.064
181.417
180.665
181.942
226.818
213.28
200.498
183.793
184.4
182.165
181.998
180.76
181.228
181.7
182.063
181.05
181.427
180.242
197.182
179.004
180.034
179.478
181.409
180.01
179.498
180.005
180.768
180.249
180.169
181.082
178.452
178.983
181.375
180.314
179.372
179.214
179.662
180.858
183.244
179.894
180.666
192.738
191.413
197.26
190.409
180.01
182.033
181.806
181.242
181.767
182.943
181.206
195.881
179.216
180.019
182.535
181.518
181.237
181.659
179.773
181.709
178.202
179.532
179.513
179.15
180.485
180.468
183.647
179.828
179.983
179.5
179.199
181.158
179.334
179.41
178.861
179.323
179.923
180.601
180.669
192.499
182.369
182.081
179.459
180.551
180.604
179.196
184.55
185.891
181.657
179.61
179.809
180.897
179.02
180.846
183.159
181.194
181.595
183.653
181.446
181.429
182.379
181.597
189.17
182.614
184.245
180.158
185.547
180.83
180.03
182.197
181.918
181.615
179.112
191.131
180.299
180.589
179.894
180.622
180.73
179.992
178.095
179.98
179.438
181.069
180.412
179.886
179.545
180.004
199.384
181.242
181.681
179.643
180.768
179.477
179.876
181.135
185.596
180.807
179.305
181.104
179.788
180.725
177.904
180.948
182.744
179.915
180.102
179.127
180.937
179.127
180.053
179.434
180.156
178.343
183.079
180.492
180.735
181.896
182.401
189.31
182.28
189.128
199.529
189.023
187.07
180.602
179.31
181.111
179.767
179.33
191.299
181.78
182.727
178.72
181.521
182.198
179.755
178.244
180.816
192.145
195.006
209.791
188.471
182.253
180.467
181.516
179.736
184.437
179.569
181.259
179.991
181.253
181.489
181.678
180.633
181.926
181.932
182.429
178.099
178.663
179.715
180.169
180.384
179.636
190.808
182.77
182.516
182.794
184.131
179.462
180.551
179.804
178.867
179.468
178.004
181.016
181.987
180.724
180.352
179.346
179.12
184.51
179.81
179.042
179.567
180.678
180.176
189.109
179.467
180.792
183.61
181.959
179.12
178.821
181.069
180.083
180.559
180.966
187.954
179.542
190.983
179.933
180.177
181.671
180.527
180.049
179.374
181.321
184.022
182.504
181.61
850.735
181.826
181.422
183.703
182.153
179.742
182.888
177.934
190.506
179.914
181.694
178.032
181.257
181.876
178.706
179.448
182.027
202.44
178.581
219.135
195.677
188.986
181.263
179.616
181.244
181.716
182.867
198.183
178.493
180.77
181.306
184.46
180.308
179.996
179.43
180.723
181.323
180.255
186.543
182.446
195.329
194.881
191.927
192.619
180.65
182.542
181.124
180.349
183.687
180.05
182.969
180.871
180.01
185.083
179.506
181.004
180.507
180.532
178.27
181.075
180.668
193.584
179.977
178.909
179.718
177.56
181.213
180.902
179.712
180.77
179.776
180.068
180.349
180.546
181.217
180.064
178.523
180.543
180.529
180.591
184.939
180.249
181.411
179.906
183.741
179.445
180.646
181.021
180.985
182.741
178.919
179.075
180.343
180.108
180.019
197.51
177.024
174.818
185.093
181.269
184.407
176.569
179.057
176.341
176.746
175.482
176.203
180.132
191.672
180.801
183.031
179.934
181.162
180.835
181.069
180.234
180.81
179.755
185.63
181.514
179.482
179.675
179.634
180.309
180.095
179.316
179.353
178.64
181.872
180.839
179.616
181.1
181.224
184.054
179.424
178.813
180.651
181.016
181.628
180.371
180.548
184.302
180.82
179.708
179.92
182.289
180.673
180.156
179.823
179.813
179.449
179.445
180.87
180.05
180.847
180.36
200.918
179.054
183.214
180.5
186.619
181.62
181.544
185.29
195.0
190.967
193.255
181.416
181.906
180.911
181.554
181.215
180.539
181.273
179.68
188.991
178.171
179.396
179.48
177.031
180.812
180.374
197.695
197.464
188.05
183.213
190.513
180.928
181.255
182.937
178.311
180.25
181.371
182.141
180.088
179.882
178.313
181.917
178.253
179.3
181.293
177.283
179.8
191.304
185.639
179.177
180.652
179.558
180.903
185.467
180.559
179.724
179.439
182.729
182.569
182.788
178.931
179.118
181.346
180.254
178.533
180.652
178.97
179.812
179.611
180.808
178.858
179.215
178.85
179.904
179.798
179.997
192.006
181.588
181.204
181.164
180.896
179.073
179.986
182.123
183.294
180.537
179.454
180.011
180.392
181.226
181.136
179.719
178.849
181.595
181.815
184.488
180.89
182.396
179.338
189.302
184.781
182.165
183.847
181.89
181.413
180.211
180.478
180.808
179.469
181.581
197.663
182.928
194.243
182.638
179.56
181.334
182.48
180.642
190.118
179.847
176.628
195.361
180.966
179.82
180.094
178.72
179.358
179.252
183.492
179.664
180.174
178.935
181.655
180.501
181.755
179.351
180.195
180.483
179.925
182.291
180.015
179.617
182.933
192.32
210.642
204.212
199.738
191.903
182.122
184.249
182.972
183.383
182.478
182.712
181.433
177.612
184.45
180.306
179.622
179.802
179.805
182.604
178.832
196.929
204.544
185.676
197.933
179.059
179.595
181.868
178.613
179.07
180.352
179.452
180.529
180.263
179.241
179.263
180.61
180.472
181.469
180.633
181.549
180.882
179.49
179.177
179.37
181.304
181.227
181.042
178.413
183.731
177.857
179.562
181.465
182.517
181.252
180.131
178.883
178.656
187.149
182.149
179.826
179.13
179.796
180.651
180.324
177.904
181.218
179.379
178.481
180.125
180.949
179.206
177.965
179.848
178.95
182.209
180.291
179.631
182.101
178.659
180.488
186.293
180.264
179.181
180.052
178.534
180.973
179.475
178.689
181.539
180.095
180.751
180.049
177.9
191.201
178.563
181.576
181.185
181.236
178.951
179.809
179.93
183.867
180.897
192.402
183.75
178.55
180.301
180.004
181.259
180.92
181.273
193.436
181.723
181.412
182.811
181.066
182.289
182.283
178.0
182.953
182.502
182.284
211.955
200.151
201.035
192.384
182.417
181.903
187.019
184.091
179.787
180.205
180.982
180.531
179.188
179.534
181.167
193.321
180.489
181.412
180.156
194.802
197.444
187.121
185.166
179.797
180.111
180.649
191.511
181.574
182.585
181.988
181.145
182.096
179.67
180.028
179.892
178.906
177.56
181.605
181.047
179.434
181.729
181.97
177.672
181.086
180.302
179.056
181.166
179.241
180.436
188.047
181.447
180.373
181.407
182.114
180.702
178.685
178.946
181.991
179.576
183.432
181.106
180.047
179.537
179.933
178.078
182.518
192.541
179.47
178.136
181.783
179.041
180.131
184.676
180.456
180.052
182.272
181.823
182.204
183.446
181.012
181.38
178.085
183.062
179.872
179.24
178.996
183.337
180.075
180.444
180.405
181.777
180.361
180.284
181.292
183.617
188.374
180.464
181.411
178.375
180.826
179.452
179.815
181.144
180.946
178.904
180.86
187.047
180.841
181.215
179.217
179.809
179.491
179.554
180.822
182.779
178.569
181.097
179.186
180.732
179.022
180.362
182.028
179.916
180.29
180.487
178.6
179.41
180.25
181.307
185.495
179.31
178.822
179.615
178.972
180.288
180.323
178.377
180.33
177.914
184.624
183.392
180.37
181.277
181.968
178.943
179.699
180.01
181.688
179.153
196.775
195.527
191.762
179.871
180.509
181.298
178.85
178.549
180.23
178.958
179.765
180.77
194.279
179.088
189.179
181.618
177.467
184.631
199.492
195.8
192.485
180.798
178.52
182.935
184.687
180.712
181.252
180.141
181.763
179.579
179.034
176.861
180.714
180.077
180.489
180.255
179.605
194.516
182.139
181.9
180.674
178.777
180.514
180.036
181.82
181.814
181.526
181.743
185.503
178.557
182.563
180.84
182.073
180.327
178.668
179.538
180.206
180.476
182.217
179.552
181.416
180.77
180.025
178.899
180.254
182.781
179.888
179.428
179.535
179.148
186.158
193.824
182.232
180.6
181.66
180.745
179.715
179.532
180.085
179.016
179.864
178.323
180.128
182.9
181.288
181.357
181.233
183.634
181.316
181.969
182.454
183.748
182.566
183.216
188.961
183.978
180.975
207.007
211.028
199.669
191.884
182.447
181.948
181.968
184.457
200.188
179.571
180.985
181.311
179.358
180.283
179.89
181.259
180.525
180.448
185.554
207.087
194.498
194.736
180.532
180.721
180.805
179.922
180.817
181.022
181.691
180.775
181.604
179.977
190.16
179.069
177.85
180.373
179.755
182.516
181.695
180.153
183.855
182.881
191.828
180.481
180.818
183.669
180.298
179.812
181.767
181.308
182.832
182.604
190.162
194.59
180.295
181.195
184.784
193.991
181.475
178.423
179.453
180.331
179.247
179.706
187.037
185.982
181.467
182.038
180.735
178.18
179.831
178.898
177.556
179.126
178.917
180.18
179.038
192.141
181.199
178.832
181.345
180.991
182.029
180.125
178.774
178.911
180.203
180.366
180.674
184.45
180.292
180.573
179.45
179.714
179.176
178.942
179.063
180.238
178.614
180.566
179.658
186.627
178.792
182.449
177.762
181.469
178.309
182.513
184.643
179.212
180.008
178.65
178.251
179.249
192.704
181.231
182.226
179.144
181.004
179.889
179.534
180.173
180.55
178.145
178.791
179.276
179.835
179.353
179.916
178.226
180.472
179.32
180.458
180.564
178.297
182.145
179.559
180.097
178.463
181.343
179.965
178.491
184.871
179.97
178.748
180.613
179.641
179.615
178.165
180.096
179.003
178.975
180.821
179.387
179.552
180.332
191.954
184.029
181.774
178.586
185.242
178.836
180.123
179.655
180.851
181.382
179.465
241.823
227.227
235.208
233.715
241.721
233.09
233.122
177.692
179.693
179.138
180.692
192.847
178.758
374.179
200.225
195.301
193.03
180.644
180.218
180.997
302.549
177.153
178.071
178.514
178.396
180.118
198.346
177.746
177.921
178.76
181.927
180.001
196.292
405.975
207.308
179.82
180.065
178.377
179.482
180.363
292.758
179.186
177.458
177.254
179.064
180.44
179.205
293.933
196.106
177.623
177.693
178.655
178.925
176.184
179.319
178.459
178.504
177.363
178.135
177.646
285.814
179.113
180.132
177.776
177.379
178.996
178.294
314.638
177.734
179.437
176.783
186.121
177.47
180.891
287.181
178.233
179.247
178.254
177.417
178.608
178.893
185.903
193.97
177.932
178.051
180.175
179.041
284.991
179.808
180.35
177.675
179.643
179.967
180.016
303.522
178.962
177.92
179.266
179.37
181.788
182.979
297.988
178.589
180.518
179.187
191.784
178.823
179.489
181.978
179.709
180.158
177.907
180.202
198.889
283.141
183.42
196.33
192.146
178.624
184.249
179.966
324.92
176.676
180.345
178.947
178.044
178.894
179.527
293.825
184.302
179.204
179.025
178.981
179.222
177.576
181.0
177.978
180.081
178.139
180.484
177.281
282.407
179.793
178.448
177.616
178.233
177.443
192.959
284.194
176.458
192.961
177.672
210.033
185.835
203.114
297.013
190.276
194.137
179.147
181.494
180.292
191.927
177.336
179.329
179.027
178.79
178.955
178.098
280.198
177.767
178.563
178.968
179.112
179.05
179.611
291.978
178.444
179.166
179.045
180.46
181.794
177.661
279.697
179.067
178.677
177.107
178.914
179.868
178.952
179.691
179.483
177.66
179.362
179.959
178.849
300.321
178.188
179.007
177.383
180.284
177.666
179.285
285.363
178.798
179.999
180.192
178.668
180.027
181.59
181.028
178.173
178.655
180.801
178.661
178.654
178.503
178.928
178.38
196.065
182.209
177.854
178.903
296.316
195.12
180.189
178.928
179.645
178.601
180.017
320.468
178.572
186.563
180.548
189.342
182.518
178.999
181.089
180.249
179.692
178.741
179.415
180.852
178.488
178.951
179.663
179.959
177.465
180.88
179.824
295.0
179.907
179.936
193.701
179.219
177.553
180.128
297.357
180.572
178.752
179.374
182.47
179.842
179.288
187.838
178.837
177.548
178.064
179.596
179.596
292.847
178.621
179.023
180.545
178.362
182.534
180.59
323.103
180.147
180.218
180.222
179.482
198.182
179.653
565.315
180.324
196.173
177.258
192.312
194.647
191.604
180.252
178.979
178.665
177.69
179.306
181.477
290.847
180.869
178.944
178.055
177.862
178.944
176.415
281.119
180.271
179.447
179.296
179.364
180.492
177.148
284.27
178.308
179.295
184.298
198.724
190.861
189.537
179.998
179.05
179.058
179.089
176.857
181.293
285.13
178.686
181.976
178.156
179.01
177.798
183.662
291.181
178.609
179.96
181.163
181.494
179.481
179.909
307.568
180.425
178.809
182.324
180.464
178.933
178.784
180.792
180.162
181.539
179.316
178.929
178.957
287.328
178.432
178.596
181.099
180.647
179.046
179.679
309.303
183.58
181.346
197.566
203.775
191.407
196.986
536.524
184.211
179.045
182.735
182.213
180.661
181.422
178.673
178.966
179.261
184.805
177.806
177.617
289.02
178.083
179.441
179.427
190.326
194.014
195.064
438.432
199.972
179.016
181.079
179.106
180.416
180.671
286.282
177.878
182.579
178.46
177.283
184.282
179.002
177.761
178.623
179.675
177.583
179.643
179.026
293.921
181.722
177.639
178.04
180.125
180.787
180.691
289.101
179.702
182.858
178.398
178.216
179.741
178.572
292.508
200.221
181.046
179.018
179.387
181.163
181.132
179.467
180.465
178.896
200.908
180.61
181.854
293.555
178.298
179.055
176.794
179.828
177.765
179.108
288.517
180.039
178.865
178.87
177.649
176.622
177.305
179.769
177.385
182.997
178.474
179.26
176.763
177.28
179.859
192.54
179.423
178.949
180.468
179.552
300.479
178.289
179.128
176.936
178.323
177.323
178.191
301.915
179.97
180.784
176.889
178.106
178.365
180.654
178.787
178.377
179.73
181.922
180.792
175.242
178.193
178.626
179.106
178.646
177.637
179.038
180.193
296.082
177.431
194.742
177.555
178.227
180.907
178.785
287.212
177.4
177.999
995.611
190.972
180.87
181.513
181.245
181.411
179.923
194.665
179.589
179.291
178.577
178.744
178.175
185.345
179.344
181.916
180.572
179.743
180.694
179.417
185.497
178.961
179.314
179.443
181.215
188.777
181.215
183.881
179.274
176.701
178.464
181.537
180.234
179.128
178.764
180.916
178.291
187.259
180.258
180.072
178.846
180.85
181.794
176.914
179.926
179.148
181.809
179.017
179.187
184.087
183.24
179.083
180.347
183.022
180.521
180.856
179.33
195.011
182.715
179.647
182.351
195.029
179.818
188.356
194.385
189.857
191.427
180.89
180.251
179.887
179.977
181.378
180.976
188.123
178.619
179.571
179.16
179.599
178.788
178.404
182.092
181.98
179.123
195.033
201.209
199.896
191.551
177.931
178.974
180.132
181.472
179.032
181.507
180.16
179.678
180.212
179.826
181.58
179.192
179.644
178.286
181.907
179.848
181.303
178.801
178.469
180.114
182.381
176.86
180.322
179.478
179.049
179.415
179.268
180.24
179.43
178.613
181.761
180.253
182.111
178.366
187.288
182.07
180.642
179.332
179.103
179.847
179.454
183.58
179.211
179.846
179.192
179.017
193.962
179.393
182.93
180.454
178.4
181.551
181.99
179.86
180.643
178.015
179.117
185.413
190.247
179.931
178.939
182.21
179.21
183.214
179.512
179.565
181.341
180.999
184.927
184.377
190.974
180.622
181.381
183.2
183.92
183.101
179.179
183.152
181.159
183.204
184.11
183.633
181.563
180.489
199.017
180.285
190.036
195.336
178.431
193.334
180.906
180.385
179.877
180.083
180.826
180.379
178.811
182.256
179.948
181.476
182.49
180.907
179.703
180.946
180.364
181.759
179.877
182.214
181.208
183.957
178.381
182.434
181.558
183.648
180.196
181.182
180.847
183.239
180.48
203.301
180.704
179.542
178.4
187.743
178.744
193.163
178.997
197.255
179.043
212.561
179.76
190.031
178.277
182.408
181.441
176.43
180.859
181.217
181.009
180.934
179.175
191.791
180.252
180.343
184.129
181.305
180.609
180.979
177.702
183.965
179.767
181.216
180.304
196.909
180.734
179.98
179.022
179.005
181.859
181.016
179.311
178.733
179.226
180.693
180.251
184.378
180.853
182.786
182.93
190.201
178.115
178.922
181.511
180.193
181.873
178.443
183.404
188.67
179.397
178.575
181.418
181.553
182.398
178.126
179.733
181.512
179.616
181.572
181.137
194.842
179.736
179.866
183.663
179.831
180.123
180.429
182.58
177.751
181.702
183.526
180.28
192.197
179.606
179.554
183.409
182.101
180.224
183.906
184.098
180.63
182.979
183.059
182.251
189.087
180.267
180.895
180.27
180.853
177.936
214.321
177.839
195.018
180.39
190.941
180.415
215.554
179.724
180.165
178.67
180.706
180.976
180.412
180.382
182.639
180.295
181.417
181.27
187.388
178.599
180.853
181.266
181.756
178.963
180.191
180.162
178.925
179.193
178.68
180.254
185.25
178.999
181.443
178.137
178.886
181.211
181.224
178.408
180.621
181.54
199.537
181.329
207.042
179.858
196.012
181.066
195.208
181.106
185.579
181.495
181.287
180.857
181.235
179.17
187.494
181.33
179.479
177.511
180.64
178.958
180.779
181.074
181.347
186.333
184.719
184.793
184.568
182.995
182.644
184.2
184.593
183.128
181.069
181.841
185.504
185.249
181.558
182.967
183.904
185.056
182.524
181.954
184.261
182.585
184.85
185.513
182.993
182.546
180.376
183.336
182.975
183.367
181.255
183.173
184.703
183.865
184.07
183.871
186.471
193.805
181.27
183.555
182.415
184.245
201.979
182.591
184.328
187.22
183.913
182.034
183.308
181.171
184.928
182.92
185.287
183.071
182.958
184.046
185.956
185.957
184.279
183.597
182.709
181.055
182.629
183.225
185.324
185.035
182.743
183.694
185.612
180.361
182.725
183.447
183.186
182.696
183.658
184.283
183.069
181.644
182.686
182.029
182.152
184.705
181.071
184.039
181.528
183.05
184.339
186.429
186.886
185.506
187.113
183.606
203.527
199.759
209.152
198.911
187.686
187.438
185.048
183.857
184.084
184.814
182.555
184.5
184.914
181.894
180.575
181.053
184.215
181.904
184.089
182.761
188.151
200.451
197.84
192.138
184.305
183.457
183.672
186.415
182.31
183.777
184.404
183.456
184.399
182.014
185.11
185.956
183.077
182.083
185.547
182.091
184.138
183.629
186.047
187.141
182.833
196.155
184.967
182.506
183.915
214.489
190.506
181.079
181.663
180.235
178.556
179.933
182.938
177.873
176.714
179.612
179.101
179.607
180.198
179.474
178.675
178.598
192.151
180.73
193.174
179.73
176.835
196.294
180.155
180.757
183.011
179.795
177.022
178.405
179.059
180.003
179.414
180.231
180.487
179.795
179.927
178.937
181.668
177.925
179.205
178.531
179.332
181.4
181.259
182.009
179.543
181.221
181.33
179.093
180.082
181.23
179.533
180.967
179.009
177.549
178.217
194.716
179.472
181.209
179.13
179.979
180.725
180.715
177.195
178.667
179.609
177.686
179.419
186.91
177.738
177.594
179.042
177.249
177.375
180.767
177.783
178.816
181.431
182.246
178.802
178.69
180.334
179.786
178.289
177.875
177.48
176.938
178.132
178.028
179.25
177.215
177.937
180.521
193.895
179.014
181.942
178.405
181.479
180.15
195.447
181.372
181.414
179.312
202.333
182.015
219.719
178.685
204.592
178.319
198.256
179.749
180.077
194.147
179.223
178.797
177.576
180.858
186.709
177.828
178.627
179.451
179.799
178.242
181.398
178.983
182.489
179.103
181.14
178.608
180.644
179.51
178.396
178.224
177.433
177.873
177.288
178.782
180.186
179.58
177.369
178.405
176.014
182.737
178.25
177.431
181.686
198.571
178.402
194.921
176.134
178.773
188.41
180.335
192.207
187.616
178.918
180.658
177.093
183.441
179.292
181.249
179.482
178.638
179.969
179.56
177.743
179.597
179.507
180.471
179.196
181.939
194.166
178.932
178.248
178.856
180.039
192.37
178.118
178.274
178.043
177.556
178.215
178.688
179.77
177.583
180.651
179.052
178.528
180.281
179.478
179.978
185.668
180.602
177.412
178.711
178.005
180.365
179.685
179.912
178.326
182.055
189.828
178.717
178.404
179.293
179.293
180.501
181.219
180.169
179.443
179.759
178.272
177.905
178.267
176.567
181.368
180.467
180.45
178.752
179.338
181.168
181.44
178.978
178.879
178.775
178.491
180.039
180.274
184.99
181.157
184.283
177.072
180.294
181.132
179.474
183.394
182.562
178.428
181.723
179.262
192.801
179.301
180.697
181.123
180.695
179.783
179.111
199.756
178.152
201.762
179.887
189.214
198.37
188.396
179.638
178.085
177.964
180.447
180.356
177.666
181.001
177.186
180.445
179.097
179.612
182.198
181.434
181.252
178.385
179.039
178.322
178.49
177.758
180.494
177.65
177.979
177.649
189.829
179.506
177.306
178.969
177.794
178.816
178.183
177.427
178.426
178.054
178.242
180.356
198.556
179.902
191.801
181.9
187.213
179.041
190.14
178.609
179.648
180.785
179.166
179.923
178.958
178.596
182.784
178.03
178.878
177.581
180.749
176.987
178.905
177.98
178.4
178.024
180.584
194.138
179.836
178.252
179.047
178.948
178.564
178.718
178.706
178.982
184.423
180.436
196.134
185.206
178.9
182.145
181.646
192.841
180.763
180.696
180.04
178.175
178.795
177.928
177.907
178.467
180.887
180.992
179.043
177.847
180.119
180.46
194.396
175.298
174.644
176.142
173.989
174.136
175.966
175.733
173.614
188.74
188.865
178.52
181.204
178.547
177.14
176.068
182.588
178.103
177.204
178.186
178.113
178.162
177.092
177.353
178.443
181.274
178.247
192.061
191.527
187.943
211.271
178.203
178.972
178.292
177.989
178.337
178.273
179.11
178.726
178.257
178.927
177.619
188.643
177.988
176.154
178.303
178.93
174.923
178.899
179.047
179.414
180.321
177.569
179.152
177.851
175.784
179.29
180.739
181.153
178.278
178.698
177.768
192.038
197.673
188.378
189.732
179.255
180.049
182.808
180.427
182.094
178.145
179.116
180.228
178.482
177.82
179.384
177.477
178.397
194.222
184.346
178.701
181.196
195.52
196.441
191.35
176.687
180.651
180.604
178.295
180.665
189.312
178.65
179.443
179.538
180.639
177.803
182.106
178.217
180.178
179.147
181.294
178.721
182.338
178.736
179.987
177.651
178.83
180.789
177.201
178.381
177.116
177.914
177.174
179.229
179.447
190.697
179.928
179.984
177.688
178.45
178.1
178.283
177.43
178.918
177.98
181.338
181.781
187.382
178.443
179.595
178.205
178.572
192.502
178.466
179.18
178.579
180.052
188.968
182.466
178.187
178.735
179.089
178.282
178.278
178.603
178.67
179.559
179.388
178.729
179.894
178.951
178.709
191.434
179.007
176.707
180.546
183.358
179.753
180.701
183.843
177.937
179.474
194.447
177.736
188.791
177.85
180.494
178.966
195.944
179.017
195.707
177.1
192.741
178.086
187.245
177.523
180.017
180.693
177.683
179.525
177.596
180.108
178.108
178.483
178.633
179.629
181.75
181.404
181.586
191.847
178.264
179.723
177.57
182.317
179.054
178.027
176.272
178.981
178.301
178.597
179.995
185.117
178.109
180.223
178.293
178.346
178.788
179.959
202.989
178.235
195.241
180.156
194.73
204.995
177.731
185.315
198.091
180.022
178.449
180.466
179.432
180.632
179.415
180.854
176.702
196.049
178.923
177.71
178.627
180.297
178.879
179.434
178.968
179.228
181.452
179.477
177.728
183.088
179.53
181.14
179.649
178.834
177.913
178.431
178.109
178.092
179.64
176.54
177.943
178.65
178.557
179.681
178.195
179.561
177.468
179.032
178.569
178.263
177.442
180.406
178.222
185.922
194.196
178.025
177.388
176.093
178.817
176.942
176.152
179.188
177.926
179.861
180.143
179.467
187.636
180.031
177.738
178.793
177.942
184.168
176.208
179.221
181.344
177.967
178.747
180.083
181.962
179.696
181.333
180.262
179.261
181.304
178.938
182.548
179.791
182.993
179.176
178.942
181.752
180.015
178.017
181.99
179.619
179.736
180.242
177.545
179.628
178.445
177.942
178.759
181.896
184.674
178.104
176.612
179.275
196.268
178.786
177.056
177.404
178.73
178.851
176.921
177.398
177.857
177.469
177.967
177.366
177.606
179.003
177.548
179.208
180.366
177.978
182.331
179.834
178.251
190.977
179.256
177.566
179.553
178.961
179.106
181.238
183.539
179.741
180.138
190.05
180.283
183.049
177.896
195.2
190.501
186.878
183.626
177.814
179.071
180.833
179.514
179.579
181.201
179.455
178.666
180.097
180.702
177.434
175.351
189.541
179.216
177.771
182.373
192.878
196.481
188.667
182.511
182.244
178.532
180.786
181.011
179.52
179.897
180.012
181.031
179.387
179.762
180.219
188.85
179.206
176.407
181.119
177.742
179.726
178.772
181.353
179.669
178.328
178.609
178.085
182.87
178.4
180.052
177.057
177.599
179.427
177.131
179.614
177.838
179.551
177.772
179.069
176.213
180.84
181.574
176.837
179.452
181.153
181.732
178.436
188.94
177.143
178.131
179.65
190.518
179.935
179.164
180.016
178.246
183.3
178.836
176.754
176.686
177.624
179.622
178.287
178.888
178.368
180.098
177.933
178.623
177.684
198.532
179.483
176.887
179.479
179.724
193.004
182.303
196.053
179.6
180.218
180.824
179.815
182.265
180.641
186.079
178.51
180.679
178.04
179.616
186.166
179.781
178.388
177.273
177.263
177.595
179.453
180.007
178.567
183.951
194.908
179.827
177.687
178.362
176.999
179.449
178.44
185.797
180.874
182.106
179.211
177.689
179.401
177.676
178.328
179.161
178.79
177.278
178.461
177.845
177.485
176.882
173.021
178.156
180.725
185.163
180.588
181.007
183.159
179.273
201.274
204.277
214.76
194.059
195.212
182.551
182.072
184.462
178.055
179.092
178.935
179.505
179.474
180.617
179.0
178.117