761.606
786.227
760.641
737.076
797.917
762.484
830.439
923.833
796.948
761.109
774.769
838.111
759.848
2535.04
747.487
776.344
807.089
768.477
742.512
720.431
719.426
743.491
883.127
746.297
738.365
792.266
767.123
728.753
739.352
742.516
738.675
816.246
740.777
749.977
804.38
763.686
779.047
789.596
741.963
743.598
788.573
747.246
801.385
766.384
766.765
765.95
793.349
685.631
686.009
685.857
687.962
683.528
663.754
656.595
599.508
606.506
659.613
611.691
594.671
614.635
611.248
551.905
548.899
548.334
548.26
546.577
636.697
606.203
614.491
615.716
574.813
577.004
573.597
551.077
547.72
620.58
558.225
598.403
553.023
573.159
556.241
590.572
545.37
550.689
556.193
549.695
546.511
572.174
598.114
593.093
573.599
546.594
667.844
563.8
567.053
552.275
551.782
573.286
562.024
606.458
595.796
583.33
555.204
570.956
570.299
580.12
576.162
568.119
584.222
570.759
578.56
575.836
564.664
543.92
555.99
546.772
555.24
575.518
578.721
600.931
576.746
590.309
547.753
548.158
541.234
549.16
562.723
585.344
576.786
535.403
527.434
533.604
541.054
539.477
573.276
652.451
551.563
659.46
553.509
570.896
741.737
548.954
676.635
563.439
562.075
623.924
566.692
732.683
594.916
634.759
583.327
541.711
660.153
543.115
715.674
566.166
577.76
564.305
554.846
627.985
535.162
542.26
1962.168
577.666
550.29
560.117
556.114
551.845
569.86
554.467
564.19
604.3
570.316
596.298
644.975
596.141
546.745
552.986
543.374
534.609
551.596
567.786
538.789
534.216
550.082
532.116
562.799
537.177
570.175
555.865
551.781
549.855
542.372
577.623
532.09
563.382
589.978
565.104
563.044
583.025
589.055
595.553
578.389
562.926
559.535
551.594
553.095
551.481
562.922
596.393
537.825
548.483
570.146
564.054
542.923
550.271
555.149
537.585
536.284
529.159
542.893
575.438
609.341
551.097
548.262
654.914
586.234
591.805
581.144
581.839
571.738
546.306
551.465
562.642
570.008
608.726
10871.486
557.878
549.179
555.128
557.279
565.659
542.619
566.009
606.628
567.478
592.109
579.792
550.485
578.437
603.429
611.098
561.573
545.743
554.986
573.576
595.882
608.804
550.462
561.38
547.49
594.994
551.199
555.244
555.868
566.42
545.322
563.827
592.164
622.693
545.492
570.438
556.578
556.085
547.938
628.206
561.051
547.045
576.739
555.033
532.941
535.483
534.408
531.358
569.731
532.266
598.013
553.506
561.029
558.762
526.269
535.979
538.407
532.11
531.439
534.094
538.916
535.527
526.379
531.415
531.98
541.852
537.963
533.56
544.083
542.085
531.768
536.834
521.787
535.347
603.674
753.404
678.558
545.834
557.156
554.07
550.961
554.989
556.852
697.716
553.692
543.27
658.093
555.256
626.403
537.025
527.665
530.199
543.094
649.403
583.066
529.841
532.148
534.083
680.36
531.807
643.256
522.998
534.846
533.186
529.244
648.903
565.286
532.991
535.93
536.437
649.918
524.358
648.461
529.617
557.813
540.575
546.425
729.571
568.552
546.584
555.131
555.881
662.087
557.428
727.191
539.188
540.166
557.115
544.777
628.66
539.287
541.1
529.615
537.237
728.563
566.774
742.883
563.503
610.135
555.86
561.274
694.104
547.395
548.912
571.403
591.387
689.582
547.081
4231.492
550.271
557.32
562.555
547.756
550.479
639.843
548.034
547.137
552.732
551.517
537.228
537.135
530.496
530.98
537.442
535.897
530.765
525.732
554.207
538.331
536.501
541.081
532.814
540.369
540.311
534.804
585.349
539.744
531.239
537.147
530.432
547.45
534.402
620.3
580.893
566.488
593.317
578.526
587.993
554.901
544.961
567.883
554.443
594.45
553.943
547.373
537.403
545.268
536.793
538.037
559.995
540.559
574.657
536.326
571.042
641.577
593.911
567.7
572.18
580.465
586.812
565.479
573.245
574.154
563.082
573.309
545.289
559.292
549.996
548.889
533.112
536.029
531.411
800.974
584.913
595.264
574.287
576.117
559.414
545.423
550.51
561.969
563.764
603.725
608.484
618.292
555.833
548.648
547.735
558.61
555.719
541.111
614.426
558.758
558.986
551.523
555.387
543.084
550.288
542.843
660.654
614.376
630.321
570.8
623.901
565.594
579.798
538.539
543.675
536.223
541.111
649.774
542.888
543.78
547.425
556.3
594.179
558.418
546.757
548.809
566.279
540.004
636.738
559.761
561.178
547.521
545.54
557.033
556.075
538.002
535.28
529.219
536.299
569.965
689.805
578.431
566.671
559.179
545.546
552.325
541.025
579.622
542.845
541.592
536.623
541.543
558.021
546.919
592.34
557.253
552.242
548.832
632.873
705.688
567.432
590.565
572.741
596.269
551.525
551.89
555.699
579.604
598.208
549.993
548.041
550.921
549.655
548.996
586.16
568.84
551.384
544.918
552.83
601.807
643.844
590.987
578.958
575.56
560.4
561.827
530.159
545.16
547.79
554.349
557.133
570.919
554.908
562.423
548.74
555.352
567.954
542.403
533.172
539.382
541.758
584.022
636.903
567.87
561.512
560.956
568.432
564.338
571.619
574.387
572.308
548.867
562.958
599.463
553.92
563.359
598.854
557.377
550.408
601.696
566.303
542.678
559.119
573.943
571.169
575.853
539.62
533.411
536.601
538.194
558.644
598.977
575.301
559.357
555.575
551.322
563.076
553.63
551.698
544.573
544.387
546.388
556.848
541.283
534.558
549.338
551.089
532.57
532.31
542.338
529.299
539.17
534.256
537.542
583.171
536.328
529.67
539.238
543.439
532.487
532.346
540.627
538.085
529.147
648.465
695.6
578.503
598.416
563.242
549.589
565.647
554.757
533.882
552.057
581.232
553.675
539.142
525.946
586.594
538.457
557.643
536.698
546.846
551.072
576.893
552.893
751.976
636.946
564.785
574.99
566.071
567.707
547.635
649.79
573.584
562.703
562.383
561.159
537.071
532.527
530.088
536.155
533.951
675.533
589.778
713.133
718.858
772.835
565.448
541.152
546.368
589.408
821.453
536.25
646.032
530.628
528.153
629.517
577.809
645.046
561.378
581.842
540.119
551.776
774.533
572.917
567.154
557.311
571.897
634.084
535.343
637.758
531.611
531.956
532.21
527.874
646.997
529.389
530.074
558.81
550.115
666.014
562.018
652.91
556.911
524.723
537.156
527.356
642.779
534.782
533.226
536.449
535.287
657.531
662.112
778.303
555.769
584.627
559.503
547.026
677.055
548.684
549.432
561.302
584.503
671.628
528.53
648.449
531.592
537.694
648.01
535.85
684.079
533.013
577.342
590.448
625.17
717.963
617.348
552.195
550.117
534.252
630.699
533.772
695.994
575.538
547.657
594.866
536.241
656.613
542.117
542.289
537.533
538.004
709.88
543.586
724.214
556.805
629.884
544.032
544.436
656.999
538.98
532.737
549.901
550.269
657.26
547.796
651.261
559.986
539.996
659.291
579.704
647.388
527.519
530.952
539.434
531.949
645.753
535.013
652.029
532.044
530.469
655.753
531.025
649.154
527.657
551.863
533.993
535.253
655.321
528.638
531.981
530.773
537.128
652.714
534.888
656.188
544.163
528.695
539.587
533.414
652.226
538.548
554.166
532.064
533.125
644.506
530.838
649.881
530.977
569.08
544.57
544.972
615.583
717.805
566.597
600.073
573.522
545.414
554.717
549.649
596.044
599.25
619.95
609.533
602.378
601.692
600.957
597.723
601.264
601.114
600.346
620.949
537.036
566.461
607.51
682.455
566.457
601.687
578.609
578.406
562.766
543.432
569.683
562.935
555.795
620.259
557.584
559.573
571.186
542.706
548.984
571.417
546.686
552.352
558.601
548.559
552.333
580.568
606.263
573.755
570.183
575.258
577.455
552.933
551.017
545.537
546.877
544.459
591.906
546.851
547.608
540.871
549.738
554.473
549.523
535.701
551.096
545.2
543.596
545.066
627.29
546.587
557.945
556.537
533.185
528.432
598.609
547.879
546.213
550.373
546.318
531.409
539.365
551.761
611.365
550.006
558.102
641.995
558.107
544.549
550.136
565.457
551.494
564.892
562.192
568.968
553.465
553.043
548.26
549.922
556.029
556.82
535.63
565.824
548.719
579.085
549.394
544.875
551.74
548.008
577.784
549.203
557.413
551.191
531.282
530.713
538.57
529.853
534.066
537.402
550.07
531.268
534.682
535.629
536.125
537.675
533.734
531.21
533.187
532.474
538.347
527.709
531.692
541.478
536.354
535.178
531.282
575.906
532.928
541.695
527.933
532.588
547.553
526.427
534.764
534.034
558.231
530.137
529.94
551.814
540.749
536.911
565.055
679.644
714.72
573.557
586.772
573.778
537.533
531.344
531.53
529.084
550.124
574.714
542.24
549.326
544.273
559.282
550.812
533.179
536.7
563.949
550.594
544.649
549.588
661.834
687.64
571.078
601.304
585.636
561.687
539.699
540.555
539.106
542.678
539.468
562.187
542.464
537.54
525.794
538.026
608.169
554.02
553.283
547.514
538.536
558.246
625.988
548.161
550.231
549.704
550.26
549.327
552.915
541.766
538.845
541.19
535.672
549.395
529.446
527.991
526.404
535.033
530.537
524.508
557.267
536.897
537.062
539.659
535.648
532.157
541.74
538.083
585.098
532.797
538.365
539.891
530.113
538.708
535.192
538.077
538.646
536.234
599.061
569.94
550.613
549.994
551.573
538.658
547.427
530.027
534.339
531.804
537.164
538.182
538.363
529.609
547.557
533.688
534.66
535.821
535.885
543.447
539.579
529.621
535.381
531.119
580.517
542.264
645.276
571.594
586.417
572.595
559.731
555.273
554.452
549.529
556.382
587.203
595.634
541.383
535.647
580.675
539.58
541.019
570.013
550.202
533.005
541.389
569.087
561.177
648.826
594.468
586.308
659.999
584.97
572.065
571.003
555.335
545.578
564.047
566.642
561.787
537.763
531.817
531.473
582.535
555.079
550.595
565.065
552.071
632.286
550.863
621.861
564.687
580.252
565.747
576.497
548.817
552.697
545.354
554.713
551.421
540.664
549.903
553.373
549.528
546.939
579.647
600.073
613.131
552.022
546.263
552.449
554.592
561.991
551.869
528.732
537.517
603.754
566.08
549.348
557.795
548.378
535.358
595.764
536.51
535.718
527.422
528.776
536.739
527.526
537.749
534.239
530.116
537.945
537.89
552.183
528.726
536.14
532.618
540.408
537.366
623.379
554.869
557.242
571.302
573.329
549.598
552.694
528.622
545.894
543.217
583.8
547.638
536.473
535.299
536.825
533.41
555.559
532.808
608.653
555.264
550.181
578.547
573.384
579.102
624.869
576.986
576.58
544.519
587.411
542.178
554.661
568.298
556.316
559.618
576.43
552.795
571.268
557.968
551.956
560.288
545.773
567.082
535.49
591.377
547.853
644.285
566.208
568.908
564.049
560.329
530.81
534.844
548.624
536.26
531.803
540.893
534.325
539.017
531.802
536.528
645.814
585.198
557.932
553.461
604.852
558.969
563.734
549.685
545.602
533.147
554.133
584.692
542.395
605.323
531.844
542.442
554.664
549.721
562.694
532.756
532.048
529.603
645.223
590.901
628.351
583.882
644.031
573.855
573.787
540.681
534.954
531.071
575.213
613.174
561.258
563.305
545.911
550.665
537.703
552.814
549.671
540.316
554.778
564.305
547.636
581.268
551.645
563.911
544.695
550.922
551.664
560.28
577.467
535.699
600.832
548.288
553.226
542.423
526.471
531.238
541.414
535.997
538.455
531.804
540.558
691.908
654.495
555.538
583.642
557.276
546.541
554.446
560.601
534.97
592.575
543.336
561.93
584.494
536.53
540.368
530.733
536.243
560.909
540.117
550.475
555.285
560.405
550.788
549.379
556.262
547.28
547.496
547.658
563.106
532.086
578.376
531.336
546.548
534.639
535.442
535.031
536.888
537.739
529.795
532.587
607.131
695.789
553.017
542.225
549.474
554.978
551.664
561.438
566.995
572.42
565.692
572.813
548.96
583.046
531.518
523.956
536.73
527.923
538.453
534.212
536.761
531.968
532.516
538.996
531.99
561.047
545.794
540.089
532.805
534.177
533.161
533.911
537.35
538.491
538.185
536.466
538.627
542.663
539.055
541.342
527.038
542.289
532.86
566.257
590.93
624.806
637.989
575.954
632.877
568.053
548.373
555.334
571.605
554.032
600.525
580.69
552.168
553.144
534.982
527.738
585.539
537.685
542.47
538.992
609.016
531.65
579.796
645.262
610.348
582.843
591.483
572.066
566.607
550.689
550.366
527.862
787.544
762.091
748.462
540.608
534.946
528.737
529.285
696.117
538.114
529.597
540.486
631.548
757.668
545.275
669.651
552.814
544.902
561.563
532.146
635.167
523.302
526.567
526.286
538.996
647.888
528.34
656.585
537.888
575.672
537.86
539.449
651.123
527.343
529.102
536.385
529.317
675.678
528.078
646.791
529.423
538.174
534.481
553.233
658.951
540.589
528.82
527.505
566.626
661.98
532.005
643.423
571.568
553.385
716.412
545.218
659.434
544.749
531.657
529.629
532.679
639.527
528.061
530.92
534.323
532.587
643.494
531.64
646.572
529.388
672.426
565.935
576.191
713.782
544.2
552.777
527.439
527.924
663.889
550.381
693.378
536.118
536.651
534.902
537.233
648.984
541.604
532.909
550.028
551.36
658.481
603.559
719.391
624.277
573.019
702.883
603.936
637.304
548.777
546.809
570.878
554.516
674.903
543.75
531.118
538.173
528.679
655.039
532.977
739.293
544.02
538.441
543.423
611.356
671.88
547.647
548.183
531.676
580.315
696.482
548.39
655.623
547.777
539.918
527.476
529.321
650.762
529.083
608.86
620.973
548.486
663.621
600.382
663.176
548.477
551.982
654.05
542.917
699.062
558.823
561.982
559.718
546.976
671.87
561.006
671.082
535.503
563.464
640.362
577.892
684.325
627.648
586.484
561.283
547.157
686.572
545.939
619.399
551.031
549.752
647.224
549.46
650.267
532.409
529.48
527.663
592.849
791.282
695.057
577.583
575.272
580.025
654.259
556.82
693.216
550.663
578.005
578.113
1486.83
558.893
549.862
554.105
562.339
551.412
552.629
552.972
588.846
578.65
600.81
626.411
557.296
554.076
559.115
605.209
545.105
556.473
571.758
551.764
562.962
549.46
534.452
530.621
544.839
562.69
535.217
554.376
584.406
572.277
559.817
647.215
584.099
568.916
565.165
567.635
565.106
553.833
578.008
561.268
532.482
558.845
528.081
541.826
526.517
533.22
528.93
537.26
538.449
574.719
569.934
548.063
555.374
551.206
536.058
532.561
564.116
539.041
533.611
534.145
574.48
532.079
539.924
531.68
548.557
536.23
540.864
531.931
536.259
529.449
531.333
532.221
536.014
535.132
535.135
529.541
537.949
578.512
559.693
548.437
533.082
533.81
534.667
541.995
529.575
594.8
694.876
582.468
586.759
568.376
561.766
571.153
564.389
550.283
553.126
575.211
569.04
538.51
535.288
533.936
536.443
531.711
564.195
536.173
592.099
538.871
594.986
632.812
589.661
556.576
599.545
558.208
558.022
570.998
548.072
552.459
563.767
560.71
567.988
602.453
569.317
554.542
541.413
546.83
581.565
560.797
548.246
559.624
558.813
556.665
556.115
550.883
559.619
543.73
545.997
561.332
576.511
576.386
552.676
542.585
558.183
554.166
559.877
543.713
542.594
538.734
536.44
541.152
532.722
533.331
539.864
535.577
537.699
542.617
536.43
534.885
722.473
610.288
555.332
565.628
563.28
546.146
566.28
544.041
549.211
574.029
556.721
564.903
541.209
543.826
622.092
552.978
549.69
554.451
558.135
560.202
535.879
579.485
637.797
634.652
576.302
581.025
640.94
569.498
569.634
577.414
542.368
548.823
629.659
551.244
563.965
550.191
553.386
550.412
533.208
540.917
563.886
542.607
547.202
537.548
565.496
635.476
641.461
594.926
552.863
558.768
561.665
576.868
613.537
545.59
549.461
561.888
576.422
547.226
549.1
552.507
556.644
532.144
529.179
724.227
588.122
579.362
603.964
598.337
567.584
568.035
566.687
568.642
605.815
575.667
557.763
554.805
565.273
531.481
527.991
572.834
538.435
568.224
535.86
582.006
533.647
600.978
557.267
551.827
551.032
548.113
552.036
534.831
547.039
534.686
534.775
537.022
531.995
534.605
530.439
536.26
534.748
592.621
535.865
539.63
571.01
581.303
533.557
532.077
533.64
531.953
534.57
532.403
532.816
537.947
541.591
533.332
533.715
536.726
572.438
540.41
527.334
538.707
538.978
536.726
527.072
531.533
562.99
633.972
671.049
550.911
579.9
551.711
546.136
540.036
532.054
537.743
545.587
571.443
561.689
548.578
539.263
533.408
530.897
564.624
538.262
588.138
555.711
559.787
563.496
576.197
596.559
625.55
579.459
577.202
563.399
563.892
547.086
558.95
562.477
588.385
563.279
543.874
537.064
531.437
525.594
564.093
536.139
536.056
541.967
535.552
614.227
535.882
548.247
555.522
554.759
552.948
558.094
564.394
549.162
558.569
577.83
551.4
542.176
542.552
532.513
526.024
536.805
533.418
542.534
532.811
539.023
535.642
535.497
541.987
534.435
557.698
537.664
538.482
531.759
534.85
534.714
532.951
538.829
531.67
528.777
533.763
545.575
540.837
523.458
533.981
588.748
537.057
543.433
564.843
566.907
560.631
560.614
539.61
535.105
550.039
532.252
534.775
529.383
536.209
555.435
537.235
534.025
530.686
530.636
533.979
531.04
562.538
549.718
605.39
592.527
580.351
604.581
574.566
555.809
556.096
539.969
534.847
562.093
556.67
576.524
537.706
536.139
529.86
545.725
533.746
560.966
550.5
551.194
552.58
600.178
546.082
545.063
552.406
547.704
556.588
562.931
543.829
532.886
533.139
532.635
538.362
530.97
535.253
535.579
531.762
538.655
543.248
527.122
546.21
541.035
536.828
540.963
534.406
529.089
551.702
538.908
537.144
542.199
547.437
552.553
534.41
531.932
539.932
540.275
533.522
534.744
536.145
538.735
536.548
534.916
537.726
546.495
535.294
532.364
532.854
532.943
535.396
535.731
580.786
530.199
536.02
539.156
530.672
546.231
656.646
545.93
558.342
587.876
555.077
549.499
538.326
529.834
539.67
559.797
2775.14
582.479
564.703
568.505
552.868
542.921
534.762
549.747
544.693
574.13
1111.436
1056.716
569.4
571.48
571.759
589.661
550.172
664.821
584.247
604.631
557.987
567.842
567.792
567.934
534.814
616.698
535.556
743.701
578.663
599.372
576.222
606.154
534.402
536.924
529.142
563.02
542.657
553.968
561.23
537.231
535.125
532.692
630.879
563.589
559.995
552.951
555.029
550.762
610.572
560.524
626.178
552.589
555.759
546.434
532.56
540.245
541.906
541.519
529.659
536.977
532.926
534.997
541.336
537.349
530.729
559.677
556.229
527.474
541.517
538.936
538.501
531.498
538.413
537.925
529.275
537.783
534.21
534.415
536.326
530.465
537.605
534.24
533.018
585.674
718.044
553.63
563.937
553.019
549.452
542.205
542.13
566.142
641.752
568.17
561.975
573.772
570.23
551.761
563.226
531.339
527.427
640.406
594.357
586.442
572.519
565.895
563.663
564.504
531.2
633.905
547.453
577.74
554.815
552.449
550.802
549.082
553.659
566.068
595.28
547.791
545.137
566.72
550.42
566.907
623.151
537.48
550.194
555.037
555.806
569.183
529.941
540.259
538.658
528.034
535.987
560.242
550.583
541.318
531.846
538.058
544.997
535.974
534.814
537.543
537.366
532.967
528.113
597.606
534.922
540.661
545.865
542.619
537.967
544.973
555.1
535.455
535.146
534.583
532.689
541.455
531.073
542.513
546.998
536.097
537.274
549.43
625.723
575.951
549.064
567.325
583.232
544.868
589.349
560.556
547.073
556.528
553.127
572.106
530.266
562.445
536.798
536.916
540.336
577.069
539.056
531.122
580.283
560.679
577.89
550.802
577.45
594.371
609.297
567.854
559.187
557.044
527.236
527.055
604.293
561.891
570.78
566.384
555.876
558.758
532.303
531.988
602.123
544.258
554.576
556.62
551.497
548.974
552.007
546.254
553.344
560.466
547.396
566.543
612.603
547.59
559.57
551.27
547.75
578.943
568.643
529.667
596.845
541.684
562.201
551.313
549.185
554.244
546.186
548.192
587.057
553.697
549.042
556.717
550.98
550.307
526.942
563.21
535.3
536.057
536.894
546.105
532.668
534.793
533.199
535.888
539.29
536.822
595.296
527.906
544.022
534.987
533.931
536.581
534.145
532.054
534.981
531.239
531.799
540.771
531.802
530.161
529.896
547.492
529.67
532.195
538.152
597.436
591.492
545.629
560.413
587.129
556.195
570.962
548.743
536.622
531.875
571.531
551.687
541.587
544.785
540.414
538.216
533.708
556.214
559.617
567.71
586.178
537.684
549.638
610.79
593.364
592.245
613.001
564.881
553.673
569.824
546.832
551.13
562.755
545.45
635.606
550.529
545.781
547.216
544.091
535.23
593.724
552.187
549.773
553.098
547.838
580.654
540.246
630.855
537.344
553.637
552.973
569.418
561.329
537.239
546.102
569.142
537.772
532.874
554.091
525.603
536.057
541.165
527.545
538.141
528.629
534.732
533.228
548.118
539.704
605.461
539.766
534.118
536.46
531.731
539.775
535.045
584.578
545.889
551.454
569.646
572.473
548.06
556.303
549.223
557.37
553.166
557.128
559.098
537.722
534.317
534.776
532.713
527.475
588.754
562.369
548.33
551.327
557.298
610.104
628.212
569.535
574.456
624.255
579.256
581.612
536.672
534.888
537.807
569.736
542.135
558.251
549.571
531.572
534.145
536.719
544.842
607.712
548.297
533.362
536.519
534.154
598.366
556.117
551.964
565.35
553.172
548.248
571.986
605.504
558.344
551.041
545.088
542.704
550.263
553.511
536.305
541.206
536.541
602.918
534.679
530.023
535.213
542.902
538.508
531.796
538.81
532.991
605.422
540.354
533.372
534.622
536.783
529.139
536.814
534.283
552.573
540.71
546.998
533.646
535.565
540.26
540.371
530.133
556.291
537.033
534.497
543.685
532.378
538.509
531.977
541.96
537.032
533.347
534.385
532.491
529.867
532.016
537.802
541.867
531.797
537.158
535.245
625.433
566.165
555.116
564.383
583.074
553.016
561.351
540.356
537.694
531.56
569.535
572.453
559.711
536.892
532.269
539.952
542.91
535.708
537.73
541.336
554.864
615.214
635.95
545.253
657.628
546.088
695.112
575.064
703.283
636.129
547.055
549.803
549.741
721.223
549.287
547.095
562.433
538.782
633.452
529.93
673.559
534.148
532.191
653.801
630.684
678.428
543.689
543.249
554.158
540.685
678.954
555.249
532.122
531.45
528.789
640.738
536.093
645.037
528.035
533.578
530.961
620.49
665.855
544.656
547.913
550.736
536.016
634.944
526.923
646.907
527.269
529.034
549.299
690.213
709.706
557.807
566.905
560.117
559.501
634.815
545.66
664.461
558.814
607.71
690.699
542.338
645.902
552.834
534.791
553.442
536.466
643.229
532.083
598.024
653.024
620.47
745.206
621.834
725.921
550.829
558.531
531.958
532.715
666.42
574.106
536.571
539.928
537.473
623.623
527.529
773.901
546.417
554.238
546.77
559.697
724.901
556.509
572.453
545.791
542.371
662.024
531.725
626.883
693.725
662.573
551.775
636.517
698.912
548.29
555.273
540.866
568.294
707.85
574.13
689.974
555.312
555.495
629.104
533.167
646.356
538.818
533.822
552.199
568.293
728.798
550.023
671.546
558.589
544.992
656.331
545.194
642.746
531.578
535.356
527.842
539.613
648.955
535.396
534.066
539.075
592.756
654.629
528.896
652.74
532.237
534.306
550.764
532.455
656.848
530.25
531.33
526.278
532.76
727.785
638.305
789.948
557.205
588.269
556.359
546.483
648.628
530.581
532.605
584.593
592.626
676.933
551.949
627.902
539.858
531.572
689.105
536.029
638.174
623.015
545.303
586.345
585.715
732.008
594.382
588.302
566.246
543.106
646.0
566.014
712.744
553.526
551.656
537.571
535.782
719.389
542.935
561.34
566.588
543.264
704.793
558.214
779.932
543.646
625.441
550.516
575.01
734.041
557.465
544.741
545.614
547.993
671.732
551.269
809.041
561.637
572.837
662.005
530.765
684.197
600.371
597.963
568.607
560.549
678.036
554.712
527.138
530.1
573.995
657.322
549.86
660.667
542.511
557.433
555.704
533.101
656.608
530.979
534.311
534.08
528.5
644.951
528.134
649.264
524.809
548.223
540.061
529.489
649.691
531.288
535.804
539.946
554.098
662.979
530.346
647.908
531.075
573.01
761.003
617.172
683.228
608.993
566.319
599.243
554.598
647.701
544.146
691.414
628.191
553.037
670.734
547.464
632.301
528.442
546.234
534.719
532.251
730.557
545.085
549.681
623.001
579.129
728.103
603.542
735.874
580.465
548.494
540.885
553.896
721.588
576.468
550.658
554.111
548.696
650.51
632.897
578.785
547.607
551.234
540.066
591.939
710.538
1256.821
937.111
1059.017
538.263
532.097
537.041
537.801
534.716
537.448
529.158
533.427
538.702
528.497
527.758
532.561
541.374
547.67
533.628
537.943
534.203
536.466
540.626
535.194
529.142
535.892
538.172
552.452
535.325
544.015
532.861
556.205
537.999
529.933
534.018
527.606
538.974
537.346
533.529
534.246
529.456
529.919
534.627
536.725
535.205
533.092
539.248
538.929
538.043
534.792
560.043
613.972
725.92
559.495
582.243
572.205
546.168
543.266
547.982
557.212
569.901
564.964
570.865
556.394
554.658
535.571
580.763
552.967
558.982
529.466
566.038
536.714
590.894
611.961
591.741
565.722
589.172
583.33
536.491
534.757
531.089
533.269
555.785
588.669
555.273
563.092
530.424
534.337
547.835
531.594
548.734
554.807
570.591
545.502
539.452
581.527
614.007
569.348
564.471
565.984
571.288
571.057
544.061
545.599
546.05
541.144
553.37
532.234
694.168
563.025
548.861
563.831
605.029
569.984
549.112
550.309
554.824
566.25
587.897
591.68
549.086
563.603
555.644
536.467
530.646
578.723
548.55
551.216
603.273
604.103
569.888
568.272
566.86
588.84
570.787
581.515
568.464
617.631
568.246
598.06
568.158
606.302
553.336
560.824
582.747
579.4
569.049
568.955
551.148
547.759
550.912
559.732
583.896
537.003
555.424
557.382
577.06
576.103
548.349
590.124
596.628
549.453
556.158
568.347
603.888
564.811
548.652
542.742
535.087
529.926
558.186
626.121
547.703
557.437
565.245
578.276
611.082
548.293
585.182
555.037
560.944
555.357
547.51
585.633
575.036
564.077
565.098
568.856
568.344
557.992
552.16
575.231
551.373
561.55
547.717
550.555
549.52
605.0
535.897
558.666
556.263
556.361
563.78
565.019
610.87
552.625
562.314
573.079
567.114
563.869
551.855
539.641
534.928
546.63
528.598
798.038
566.223
572.81
567.767
576.09
582.744
560.852
536.509
533.599
535.856
537.557
530.021
544.784
618.154
553.397
559.715
553.003
557.898
555.455
553.272
549.811
591.075
634.043
562.187
576.869
580.823
574.029
573.455
571.347
563.71
562.467
639.469
598.628
555.312
555.454
554.183
544.441
563.804
547.411
560.891
561.971
575.416
570.91
574.31
632.309
565.245
554.942
550.741
548.121
573.819
553.513
548.609
544.478
553.712
559.408
560.538
543.545
568.805
552.894
569.191
573.836
548.133
528.321
559.093
534.932
532.097
598.598
612.184
559.637
559.227
554.668
554.02
530.353
527.51
574.465
600.615
558.872
545.353
560.802
580.313
569.673
533.89
698.033
553.865
555.651
545.646
629.446
548.167
552.892
551.256
546.735
594.709
553.435
549.656
553.453
567.818
549.67
558.973
675.484
623.777
570.597
565.012
570.173
547.928
555.015
542.741
537.088
576.559
576.348
551.334
541.884
558.275
556.438
553.25
535.615
542.164
549.214
549.799
535.982
593.028
548.342
550.35
552.56
550.11
551.454
572.218
612.403
554.066
576.414
589.843
556.309
558.735
553.258
534.297
529.522
589.293
590.719
557.05
534.453
538.34
539.104
532.316
530.044
629.287
554.628
573.204
567.009
564.603
564.354
557.55
559.874
556.516
592.975
549.332
532.111
539.727
589.047
539.832
574.282
550.355
550.06
622.346
545.954
585.261
546.547
560.182
589.519
561.238
567.918
572.466
580.499
567.541
560.539
577.294
539.317
531.922
534.398
579.428
555.858
556.322
552.531
578.948
545.386
550.803
593.931
535.98
542.703
554.496
631.229
567.645
572.598
580.073
566.04
569.861
571.124
539.354
627.961
564.764
568.098
572.115
576.667
598.433
560.767
547.538
552.203
612.917
526.35
627.397
654.405
594.737
578.7
572.765
559.682
598.487
550.235
551.744
548.345
552.135
570.075
540.79
534.817
576.502
563.651
544.491
562.206
552.736
589.723
605.063
626.426
579.287
617.879
577.575
559.262
563.073
545.738
533.883
553.721
547.285
584.276
554.77
551.065
551.972
549.182
537.665
553.387
548.047
554.38
545.835
550.224
551.994
553.782
546.548
589.116
537.337
537.195
604.016
610.6
621.091
570.403
570.42
570.898
574.567
582.616
560.312
550.747
549.705
545.774
552.066
549.767
546.842
558.305
558.83
554.327
573.5
550.475
551.813
547.658
547.49
561.525
569.333
533.841
538.07
535.45
537.714
539.52
534.24
539.51
534.429
540.225
535.358
537.458
584.622
531.054
528.034
537.829
531.802
531.863
536.602
555.755
542.905
538.022
539.126
531.112
540.33
529.394
530.315
541.589
538.357
526.282
529.693
532.025
539.479
535.563
533.382
533.419
534.879
534.642
550.052
530.032
535.196
537.315
535.073
536.957
530.44
533.873
537.581
534.102
533.061
546.864
532.164
533.922
532.395
535.912
537.617
556.713
650.479
568.592
570.777
586.635
571.987
554.8
556.184
530.191
536.295
564.634
568.208
555.012
530.677
537.178
551.437
532.805
529.717
574.29
554.557
549.555
552.788
552.9
615.851
619.994
580.282
580.691
587.492
569.549
618.553
839.53
573.152
570.253
594.112
568.899
577.379
568.594
547.791
546.396
547.765
560.63
562.092
535.351
534.052
536.321
535.537
533.884
558.282
571.207
557.562
545.319
540.477
669.5
551.196
558.371
548.374
552.043
555.662
545.373
557.392
534.036
527.936
528.601
574.481
535.882
546.226
534.871
529.053
531.718
541.213
533.347
531.025
582.768
531.221
531.42
538.951
525.065
530.186
544.823
537.241
538.144
530.533
526.948
552.496
560.986
534.824
533.824
531.925
545.395
677.319
558.783
558.439
564.945
551.598
539.771
543.311
556.465
528.566
548.845
601.847
539.082
531.191
530.606
574.797
533.008
578.747
532.873
552.862
552.392
551.837
551.274
741.236
554.944
560.401
548.08
552.909
602.036
553.389
624.609
554.682
566.393
547.025
576.767
535.773
544.176
531.815
533.224
537.008
693.728
656.389
632.118
570.334
579.03
574.758
529.339
532.832
627.444
548.587
556.444
552.29
590.852
572.357
547.56
546.043
547.083
562.158
542.693
556.4
546.119
552.945
549.894
547.931
550.282
563.432
557.536
554.188
545.506
554.375
545.229
535.132
534.141
538.667
536.161
536.275
536.57
545.656
545.643
536.245
593.596
559.218
547.877
551.517
540.264
533.161
536.296
557.388
533.794
653.86
585.555
564.283
569.695
591.826
565.916
551.551
550.1
561.085
531.424
544.157
572.962
538.478
536.249
540.012
561.099
550.839
556.313
553.934
531.251
531.162
534.402
631.904
541.791
546.562
552.846
565.022
553.919
551.937
550.566
557.747
535.989
536.85
533.243
533.403
531.84
524.449
532.791
537.159
543.845
534.223
527.878
532.584
534.347
584.125
535.997
532.932
530.579
535.119
531.222
554.406
532.62
543.653
566.892
600.24
533.496
537.213
532.792
532.444
533.426
538.783
536.388
537.503
536.654
530.825
531.937
582.808
546.126
554.108
549.261
548.161
538.571
532.105
528.614
542.619
531.992
534.396
530.674
524.969
531.545
531.925
532.898
538.33
577.432
540.036
536.374
533.845
540.665
532.335
534.68
536.567
535.925
604.217
571.642
546.148
557.641
556.521
542.748
564.038
534.379
582.134
578.451
548.349
547.949
563.63
560.832
535.697
534.65
587.916
626.429
563.863
571.586
600.189
608.313
550.036
602.78
564.099
558.622
546.088
561.264
602.457
538.059
584.113
560.25
544.213
554.067
535.233
533.959
537.098
585.082
610.601
565.231
598.456
629.04
560.242
553.602
549.749
553.843
562.568
564.022
535.152
540.376
538.683
564.962
530.123
554.969
531.699
543.246
532.57
532.876
539.665
527.276
527.66
537.523
541.259
534.598
533.104
535.128
542.87
536.241
544.782
525.308
533.95
539.432
529.254
540.281
528.524
536.624
532.199
538.729
532.091
533.477
560.072
543.273
537.326
561.098
533.68
573.216
532.016
536.204
533.122
539.334
529.189
535.723
653.551
565.181
547.827
554.186
571.385
557.86
544.273
575.011
530.485
608.595
538.756
583.028
552.284
555.414
556.111
565.462
537.011
536.871
564.984
563.01
566.884
528.813
584.5
753.923
611.502
550.876
572.003
561.756
554.018
549.011
615.991
646.118
562.167
562.908
562.701
560.087
536.823
579.367
534.726
531.841
536.25
708.117
612.516
595.959
582.843
586.463
568.165
545.916
533.682
535.22
560.687
585.828
598.163
545.567
659.514
543.489
545.155
549.181
549.726
552.358
606.041
547.402
553.287
614.541
722.78
579.555
628.712
575.162
542.387
561.101
584.374
562.057
589.216
548.098
576.905
549.403
543.77
578.263
546.348
551.293
578.625
571.272
558.655
579.914
552.441
581.802
560.279
571.799
567.244
589.892
605.41
593.766
555.714
546.295
556.525
551.196
563.501
592.075
546.321
549.301
549.053
548.524
543.592
558.328
554.033
578.291
554.244
555.001
549.248
533.306
577.911
581.463
547.862
551.067
551.82
655.091
632.945
580.206
577.914
571.501
569.092
570.548
596.373
546.771
553.374
558.576
580.285
562.312
537.02
535.605
534.287
533.104
567.927
539.085
530.056
538.126
542.916
610.532
638.973
574.775
561.474
548.182
547.669
550.288
569.59
589.461
534.183
543.532
549.736
546.847
548.46
528.371
533.784
541.186
529.451
547.069
571.7
593.372
556.942
552.027
549.837
570.815
533.455
571.105
534.409
530.428
567.91
550.869
571.078
534.052
536.018
529.638
535.418
531.56
569.925
548.772
533.645
541.344
561.519
544.654
551.427
547.779
557.834
613.644
547.034
550.549
547.285
564.376
551.179
571.923
554.387
576.789
572.667
587.048
570.873
599.978
610.777
584.366
601.525
578.914
585.275
573.671
553.175
559.398
544.451
543.394
553.763
560.781
552.458
544.911
556.397
554.585
607.694
613.662
560.027
589.034
615.902
571.856
572.198
575.382
574.46
549.803
560.737
588.016
557.996
551.238
551.547
554.416
588.45
552.576
565.279
561.59
570.997
547.519
569.257
615.272
581.134
567.29
567.588
573.247
576.93
576.61
561.554
545.632
548.387
550.047
574.805
534.872
534.384
536.187
538.233
537.645
550.927
607.908
538.745
553.954
563.257
549.52
563.919
537.935
576.588
534.5
532.278
535.054
550.02
563.628
538.268
531.417
536.987
543.524
534.618
535.746
529.906
534.381
532.746
533.621
530.255
535.813
557.362
535.197
532.322
584.277
631.497
550.919
584.174
559.487
546.381
547.907
543.585
534.183
573.366
566.002
540.067
541.939
577.284
535.914
531.581
537.767
562.684
570.873
565.479
574.889
574.212
656.024
612.576
607.002
617.093
565.212
580.225
558.481
551.055
535.879
592.357
591.562
554.14
547.785
576.219
577.827
542.365
554.929
552.936
538.588
562.161
539.947
535.714
576.253
592.749
587.475
579.454
564.028
566.89
572.689
534.245
579.35
537.704
539.098
553.612
532.68
548.614
590.983
578.483
548.729
562.921
588.79
557.164
548.649
537.611
584.654
556.822
567.548
580.457
551.978
556.576
569.734
557.117
548.582
559.575
549.504
551.227
548.909
542.989
556.65
592.172
601.237
629.403
571.986
605.459
552.396
569.589
569.447
549.483
562.108
560.653
582.716
560.205
540.818
544.058
549.554
533.064
531.935
532.613
600.284
559.554
552.213
546.569
592.242
609.199
622.026
577.889
575.136
565.385
573.073
557.474
614.722
552.248
561.126
591.506
583.062
598.836
542.734
548.413
554.695
600.687
578.725
558.843
575.354
556.607
548.465
532.606
536.478
569.01
537.71
583.804
534.289
554.118
544.538
670.145
545.351
549.147
547.621
546.64
552.018
565.295
536.963
533.063
534.564
542.522
532.922
538.325
539.492
540.72
529.672
538.107
555.941
532.803
533.442
532.739
537.524
534.888
528.912
556.207
528.442
533.161
558.188
546.328
644.099
594.436
567.866
550.081
543.971
547.004
547.376
612.857
555.442
557.181
552.238
561.671
548.041
552.073
533.131
539.721
537.476
534.242
558.229
540.407
542.925
536.225
534.131
531.436
590.333
536.256
544.882
535.14
540.234
535.949
534.939
535.102
535.639
532.215
533.763
527.783
527.651
533.455
534.292
532.842
540.385
529.761
537.443
532.432
532.092
533.032
537.958
536.621
544.42
531.578
533.74
1440.165
559.706
601.785
570.463
574.071
602.806
570.08
595.774
535.799
534.148
531.424
586.049
548.822
548.908
575.11
556.026
554.671
550.968
533.212
562.391
535.004
543.259
534.514
541.386
707.348
622.675
613.256
658.342
593.406
571.414
579.521
559.719
550.733
546.299
558.57
566.888
530.27
528.095
528.018
533.964
539.296
535.914
573.413
549.791
557.499
549.624
582.252
554.533
561.121
546.731
553.076
554.643
552.887
546.989
535.436
534.958
528.677
539.531
533.96
539.209
585.695
538.57
533.417
532.943
534.676
530.759
532.654
555.053
538.158
534.006
535.685
530.334
536.347
536.327
535.007
538.813
538.485
537.599
587.011
533.152
533.938
535.062
531.51
537.126
536.324
530.782
532.246
536.835
533.156
540.354
529.872
540.277
538.495
527.598
535.538
537.485
538.101
532.682
541.817
537.929
531.85
529.391
532.658
532.535
530.484
542.461
542.397
531.116
533.08
530.477
531.371
532.31
529.148
530.625
546.674
531.676
532.891
533.295
538.438
534.499
565.6
537.144
559.821
530.896
531.476
536.565
542.281
559.674
539.171
542.794
543.174
554.446
562.808
668.324
714.402
600.531
602.081
570.904
560.967
586.061
549.939
562.655
559.342
590.885
542.233
531.412
534.554
575.707
539.106
534.647
552.416
529.814
539.201
531.64
584.845
580.048
592.606
571.379
599.688
563.834
568.633
551.586
545.306
541.499
562.855
570.769
542.477
577.284
551.909
540.299
552.851
535.032
565.799
599.924
547.909
553.938
567.73
652.101
578.281
557.521
595.679
553.741
550.929
550.511
577.129
548.138
547.503
547.942
548.296
551.223
553.216
542.215
536.02
537.288
530.008
536.242
642.781
548.484
571.349
569.952
567.802
578.08
529.796
536.095
532.654
533.901
725.387
567.886
562.77
578.903
595.433
566.786
562.153
567.665
551.557
550.319
558.573
589.812
561.964
536.723
559.611
537.264
541.529
561.478
548.252
586.012
573.044
567.491
570.317
603.618
638.272
590.877
615.551
569.615
565.824
585.724
555.327
550.349
564.924
587.559
555.585
542.37
593.494
535.352
535.864
541.998
557.487
539.302
577.205
535.895
551.378
634.563
529.233
628.045
566.582
544.604
546.724
552.376
526.042
553.621
529.784
532.368
534.601
610.418
541.041
532.82
532.688
538.289
533.282
530.664
534.802
530.105
528.154
529.246
530.757
532.947
564.69
536.188
526.603
534.37
534.786
691.216
589.0
560.033
563.211
570.057
572.946
556.93
537.841
552.859
534.924
538.642
564.105
536.986
587.719
528.593
532.962
549.187
551.592
557.966
549.859
565.954
536.459
625.063
552.393
589.166
579.52
611.286
577.675
586.875
583.424
572.62
555.863
566.906
555.992
580.786
564.574
552.762
532.842
532.243
529.365
567.447
533.098
561.148
546.705
551.197
565.198
549.079
596.934
555.459
576.478
562.528
563.513
557.989
610.97
533.007
534.783
544.065
551.623
533.068
577.666
533.261
537.082
537.344
537.096
542.37
537.26
560.474
533.885
537.913
533.569
532.941
538.926
527.176
528.484
537.29
540.816
534.821
532.779
532.715
532.463
537.6
531.377
533.119
534.75
545.005
549.837
532.583
533.641
538.386
538.222
530.202
531.776
538.194
537.493
533.88
544.927
639.354
545.366
537.862
527.226
534.911
540.0
535.058
534.397
529.14
534.679
530.48
572.056
607.654
575.343
549.303
581.708
557.543
554.393
554.896
540.139
530.762
576.057
565.013
566.561
579.965
538.165
542.169
535.402
532.521
570.488
541.996
564.979
631.992
553.44
551.03
633.05
592.929
573.887
562.561
573.576
551.307
571.224
546.997
547.749
550.532
527.956
530.964
536.725
552.317
530.019
531.137
540.152
532.882
632.33
562.466
572.497
564.146
533.25
590.443
548.887
545.272
543.055
557.468
561.493
546.014
580.195
533.764
533.041
537.983
538.156
611.053
552.284
559.97
543.61
527.021
534.935
582.691
530.213
531.119
527.555
532.003
541.098
533.27
533.426
540.98
588.562
645.934
553.903
579.577
550.092
554.513
548.234
532.465
531.735
600.674
579.152
548.79
549.934
550.613
554.682
534.768
534.922
575.497
533.527
555.763
559.879
588.822
573.679
617.065
585.442
614.743
574.885
564.373
573.059
547.583
532.562
566.315
554.253
567.213
538.313
533.204
537.482
553.379
556.011
557.882
551.836
557.672
551.88
562.461
552.983
551.956
566.97
557.276
552.941
546.313
557.82
544.945
533.622
538.079
537.819
581.041
533.471
535.056
559.449
543.206
527.452
638.776
734.754
570.936
598.601
567.272
569.526
554.411
554.227
552.776
559.655
547.604
545.661
557.665
550.174
538.269
537.444
532.5
605.642
572.484
546.511
545.538
568.151
621.071
613.867
618.45
587.683
644.677
573.832
537.939
574.929
543.796
541.95
571.248
553.496
565.995
558.812
550.484
546.645
548.05
535.724
568.292
560.547
543.979
573.718
555.851
638.122
535.437
610.308
547.132
549.42
552.59
643.231
582.386
544.299
549.41
562.467
550.572
556.082
542.325
550.578
599.317
536.263
529.982
577.979
538.145
707.351
632.145
570.807
628.275
572.21
552.995
555.409
559.9
549.267
554.311
560.133
577.14
533.857
531.902
537.73
548.092
563.301
585.764
542.177
555.276
539.66
603.029
683.034
634.931
589.505
565.65
568.051
566.76
565.316
584.739
608.251
543.315
549.638
548.51
545.88
549.654
556.343
544.122
534.949
613.247
630.194
608.213
568.55
564.523
581.125
565.654
566.802
550.938
559.15
576.132
555.944
561.158
563.042
534.009
535.679
553.891
552.722
543.595
668.221
559.171
564.837
563.29
560.59
531.088
534.812
548.064
530.238
575.623
535.3
1443.535
537.023
558.672
568.454
552.452
546.07
556.805
532.33
610.56
532.967
536.684
535.395
537.835
629.23
726.719
560.336
594.777
557.936
552.195
534.173
540.306
586.08
554.916
576.555
562.526
558.607
561.968
536.356
529.7
537.652
546.418
535.427
531.979
577.978
601.826
664.574
638.18
589.086
666.642
592.952
577.029
581.095
570.791
563.549
589.928
620.78
589.194
566.726
611.724
575.291
562.647
577.491
584.439
575.231
577.691
588.655
592.645
595.447
547.255
640.241
547.33
546.781
555.689
553.624
546.065
595.441
660.117
646.292
550.664
603.567
548.784
585.934
539.748
555.981
531.601
569.533
556.417
553.167
530.92
533.738
528.645
538.032
565.758
560.333
532.59
559.383
575.678
551.282
555.387
625.724
565.774
556.148
556.663
572.047
569.585
531.104
527.41
533.223
538.054
579.586
592.875
530.782
534.418
531.979
532.924
538.636
533.974
557.804
531.813
535.013
529.993
529.905
538.826
542.219
540.258
545.746
558.083
552.358
548.76
638.126
566.471
581.087
566.193
560.367
587.292
548.277
548.326
545.993
575.721
569.999
536.602
538.116
555.215
525.473
532.965
545.626
534.69
524.917
549.184
597.666
551.36
613.187
692.101
566.341
586.633
596.978
575.605
551.972
534.006
563.091
551.105
556.418
583.465
562.131
555.944
549.182
541.404
586.068
535.508
611.587
555.219
555.598
548.794
589.784
552.46
553.612
547.205
546.957
544.51
539.464
604.261
533.758
529.201
529.924
535.854
580.934
534.189
533.006
568.146
616.774
544.094
565.256
546.938
554.378
547.51
551.751
557.2
557.95
649.837
544.096
548.837
549.602
549.819
548.322
529.087
545.46
536.386
584.457
525.868
533.54
605.318
539.456
532.295
538.963
534.981
528.648
594.996
535.382
534.061
607.047
534.412
534.961
536.757
562.168
534.572
542.912
528.158
538.37
582.248
537.427
533.085
530.216
532.289
524.27
544.441
535.118
532.541
538.52
544.647
536.163
531.839
529.567
547.626
593.408
659.53
564.436
569.409
591.297
561.053
563.063
531.42
532.154
538.973
575.343
617.232
549.457
545.688
620.797
572.645
542.549
554.569
547.323
549.753
549.902
556.504
551.065
573.048
549.601
665.394
594.8
593.151
583.602
533.593
537.031
534.004
580.28
527.344
591.85
586.399
572.947
549.452
547.142
571.12
530.85
539.596
548.333
554.172
586.061
549.311
546.062
553.011
664.893
559.751
567.647
586.808
558.658
541.66
541.361
550.993
569.464
532.591
532.447
527.632
580.347
596.359
542.904
546.872
561.437
551.653
550.403
548.713
597.941
657.682
540.325
542.615
557.54
551.231
535.061
539.47
539.781
544.136
624.503
545.954
613.776
572.713
578.589
572.442
694.037
620.558
576.757
564.213
566.884
591.451
620.744
574.047
541.153
558.058
535.701
526.447
548.375
552.24
556.972
578.701
568.459
557.34
650.413
571.246
581.7
600.635
579.781
561.934
560.694
536.966
539.727
527.875
547.394
589.771
555.579
546.987
544.975
553.077
591.648
579.531
559.054
551.145
559.296
527.921
561.813
544.217
662.338
549.851
564.784
565.309
588.188
554.28
536.767
529.622
528.421
531.548
537.821
561.459
528.941
540.839
535.023
528.643
528.629
532.884
531.871
539.444
539.365
529.791
544.365
533.031
531.885
535.069
535.485
538.523
573.332
567.907
548.282
559.806
554.914
548.774
535.37
537.654
531.614
534.344
532.761
536.186
533.832
539.59
537.394
531.275
532.524
529.226
531.823
529.118
557.537
532.931
534.886
538.242
531.496
541.501
540.109
536.61
541.722
530.328
528.475
545.319
526.464
533.453
531.957
535.573
530.931
531.041
540.791
537.867
533.442
529.43
530.74
542.335
533.056
528.578
535.981
533.523
528.99
531.645
548.422
531.783
536.036
535.834
530.026
533.323
564.701
660.43
614.269
557.753
629.029
569.076
566.738
548.32
563.395
551.279
559.225
599.173
539.405
532.067
531.971
529.273
533.741
532.601
627.07
557.335
542.506
558.3
549.805
560.348
548.504
630.923
546.662
551.822
547.565
572.705
559.353
563.924
560.579
560.682
562.746
563.958
567.983
534.855
526.081
529.442
536.835
572.773
730.619
589.315
606.172
560.8
587.023
544.846
564.469
563.329
577.155
567.096
583.745
568.749
554.089
548.624
542.37
551.647
579.235
535.255
563.412
534.142
530.807
583.844
643.249
549.289
547.057
546.591
542.461
544.566
537.257
566.746
565.198
536.495
531.176
536.657
540.33
537.307
528.526
531.595
548.004
531.785
541.531
536.919
546.89
532.281
527.336
529.445
545.388
532.486
534.096
541.21
531.005
538.879
534.978
526.731
534.63
531.515
538.675
538.616
543.366
533.314
536.3
533.537
527.983
533.35
539.517
611.166
581.983
552.446
571.431
557.207
544.432
556.184
530.841
543.683
543.378
541.357
586.429
540.97
531.091
536.816
534.147
536.043
532.857
540.876
551.059
535.53
532.143
552.977
628.913
616.079
562.515
574.068
551.969
552.788
546.544
534.627
542.552
572.441
591.855
556.88
574.025
538.227
556.363
553.699
551.995
545.295
536.82
561.88
535.401
529.537
574.783
610.685
550.904
550.67
548.308
542.137
551.404
549.95
573.237
588.625
556.217
567.53
575.581
562.928
546.807
541.931
532.98
533.761
563.996
591.688
549.303
556.246
550.653
553.448
532.513
564.948
585.6
549.779
550.272
555.842
569.09
1452.962
563.325
546.628
601.784
618.057
594.865
599.087
599.651
593.168
596.915
590.146
590.617
591.801
595.557
591.086
635.299
526.702
531.369
534.508
528.782
527.523
583.033
524.502
535.38
551.277
556.318
544.196
559.813
545.46
532.911
672.617
699.64
553.032
580.301
563.583
553.124
559.209
546.192
548.664
562.078
581.451
579.417
546.568
544.721
545.712
566.545
559.801
578.989
587.885
571.791
545.321
549.456
592.295
625.702
579.129
575.095
625.146
578.47
548.382
559.044
541.338
529.125
598.972
554.897
558.049
538.812
534.019
530.19
601.459
552.841
552.825
555.901
554.19
587.646
575.627
562.802
576.673
576.15
572.919
567.596
579.391
560.723
643.07
558.69
565.021
569.694
560.268
529.921
531.739
545.003
529.404
532.457
530.251
612.203
566.92
568.88
572.827
565.93
623.789
527.287
554.724
542.788
564.971
551.417
537.479
539.91
583.125
656.957
588.197
542.863
541.669
541.372
550.84
539.413
525.849
587.408
538.616
558.113
544.296
553.618
547.374
535.954
532.843
526.934
636.373
529.227
556.838
551.456
556.616
560.483
533.636
533.82
540.225
619.468
538.408
548.497
548.377
548.684
548.959
533.265
539.828
579.77
531.742
552.792
559.735
550.738
550.941
535.796
537.764
552.85
648.064
532.693
554.381
558.466
550.484
557.858
537.989
531.184
535.976
569.472
583.015
548.159
561.283
575.231
575.173
543.826
563.403
552.425
548.968
570.932
586.368
551.705
554.76
551.155
548.755
543.197
546.718
558.097
537.414
599.314
550.492
610.726
589.13
582.627
571.081
586.286
603.896
559.413
545.619
559.661
535.712
548.207
544.555
570.182
534.517
538.278
529.946
535.178
542.766
545.403
551.739
569.69
559.987
560.583
622.424
631.218
578.912
561.017
609.177
566.11
550.13
552.495
553.663
544.542
610.167
533.631
533.278
625.462
539.596
529.796
540.394
531.597
529.489
537.909
559.448
538.739
611.876
530.51
547.937
551.377
549.602
548.878
544.677
534.939
564.915
625.272
636.652
573.319
597.735
569.318
550.622
551.293
591.64
531.053
550.683
561.506
558.149
528.611
530.069
549.943
533.813
576.853
574.775
569.087
568.413
567.76
562.594
604.706
551.713
583.629
571.942
601.62
562.57
550.225
567.356
530.478
530.107
550.349
551.365
575.659
546.246
566.417
551.756
600.597
577.157
549.475
551.217
548.735
549.01
556.623
550.111
530.915
654.601
548.752
586.092
560.209
563.427
556.261
673.69
583.45
571.526
562.177
562.92
566.666
552.108
573.917
532.348
532.971
526.832
540.377
575.58
561.574
533.66
540.518
530.932
535.624
606.808
554.379
559.06
541.572
545.765
528.404
537.136
535.451
530.152
527.878
528.804
530.607
530.404
530.569
535.065
534.481
546.459
531.44
531.728
529.02
530.474
543.11
539.788
526.629
535.389
549.019
539.819
532.99
526.377
540.467
640.941
531.289
546.406
533.956
571.695
602.236
598.828
556.241
595.436
549.415
530.728
543.519
543.137
538.752
537.821
568.588
566.17
534.28
536.804
548.958
533.992
535.049
533.974
531.85
580.402
558.743
596.308
591.223
568.886
570.416
561.457
548.616
542.927
587.107
547.664
543.678
544.704
563.207
543.623
560.502
526.288
529.298
649.387
559.031
552.375
551.832
548.887
540.69
542.305
532.529
530.768
604.269
536.296
533.004
535.134
541.107
533.475
536.345
533.941
593.165
534.843
532.75
530.59
539.939
537.718
538.653
532.817
531.675
614.422
533.813
531.152
535.387
550.764
540.116
526.734
529.154
529.815
